0.003085
0.002155
0.003585
0.00274125
0.00347375
0.00201625
0.0020775
0.00358375
0.00289875
0.0023125
0.0030525
0.0026975
0.0028
0.0015525
0.00243375
0.00287625
0.00324
0.00284875
0.0024825
0.00201625
0.00242875
0.00178125
0.0030725
0.0028175
0.0030025
0.00390875
0.00324125
0.00299375
0.00187875
0.001855
0.00224625
0.00318375
0.00241875
0.00305125
0.0029925
0.0029275
0.00265375
0.0017675
0.00295625
0.00277125
0.002605
0.00273375
0.00243375
0.0034325
0.00271875
0.00243375
0.00242625
0.0023125
0.00254
0.0021525
0.00252625
0.00360875
0.0027
0.00308625
0.00376
0.00226625
0.00291625
0.0028975
0.00312125
0.0022825
0.0024625
0.00282
0.00276125
0.00244125
0.00244125
0.00244625
0.00351375
0.00213
0.0031825
0.00141125
0.00269625
0.00300125
0.00153125
0.002225
0.003135
0.00290875
0.0022925
0.00227375
0.00279125
0.0022575
0.0022325
0.00262125
0.00276875
0.00305375
0.00246125
0.00243375
0.00248375
0.00242625
0.00245
0.00279625
0.00285
0.00272875
0.0025775
0.00311875
0.0030475
0.00282625
0.0023825
0.0025
0.0020425
0.00356875
