0.002255
0.00336875
0.0019175
0.00286875
0.00256625
0.00375625
0.00313375
0.003215
0.00293875
0.00333125
0.0029125
0.0023925
0.00279125
0.0029775
0.0035475
0.00294125
0.0029475
0.0033225
0.0025775
0.00367625
0.00293375
0.00295125
0.0028875
0.00307375
0.00350625
0.00175625
0.0030225
0.0022025
0.00308375
0.00212
0.00290375
0.0028575
0.0022425
0.00464
0.0026975
0.00395375
0.00311875
0.0033425
0.00279375
0.00306625
0.00325625
0.00234125
0.00327
0.00332125
0.00388125
0.0026775
0.0025425
0.00271625
0.0031325
0.00279
0.00305875
0.0027025
0.00240125
0.00371125
0.00334125
0.00301875
0.0033175
0.003375
0.00230625
0.00283875
0.003205
0.0026175
0.00275125
0.00313375
0.00347625
0.00276
0.0031575
0.0028025
0.00342625
0.002105
0.0028625
0.00245875
0.002745
0.0024525
0.00315625
0.00295
0.0033725
0.0031725
0.00361625
0.00313375
0.00247875
0.00320125
0.00386125
0.00306375
0.00348625
0.00344875
0.0031325
0.00236625
0.0032325
0.00299625
0.00275375
0.00320875
0.0026125
0.0032975
0.00303625
0.00293375
0.00214875
0.002525
0.00234875
0.00381375
