0.00340375
0.003005
0.0029075
0.0030975
0.00239625
0.0022775
0.00292625
0.00198875
0.0026075
0.0018775
0.0029075
0.00305625
0.0031825
0.0031125
0.002215
0.00225875
0.00226125
0.002785
0.0032875
0.00293375
0.00242
0.00387
0.0022075
0.00221
0.00273625
0.0024875
0.003285
0.00265875
0.0031825
0.003585
0.00336
0.0036625
0.003125
0.0035575
0.00314125
0.0023975
0.00251
0.00311625
0.00296375
0.002485
0.00267
0.0031025
0.00333125
0.00324
0.00330875
0.0023775
0.0020475
0.00263125
0.00245875
0.00360125
0.00272125
0.0029875
0.00251
0.00324875
0.00347875
0.0019425
0.00230125
0.0024775
0.0031175
0.00343125
0.00297625
0.00363125
0.00281
0.0028275
0.00288125
0.00231125
0.00347625
0.003325
0.00289875
0.00240125
0.00292
0.00356875
0.00328625
0.00227875
0.002375
0.00297625
0.00261375
0.0028725
0.00297875
0.00294875
0.0020575
0.00241875
0.00306375
0.00223125
0.00355375
0.00232875
0.00206
0.0026825
0.0034575
0.003955
0.00341625
0.00305
0.00299875
0.00266375
0.0027475
0.00264375
0.00302875
0.00262625
0.0026225
0.0025525
