0.00297375
0.00235125
0.00251125
0.00230125
0.00263875
0.0024475
0.00258375
0.0030225
0.002515
0.00314375
0.00226125
0.00258625
0.00287125
0.00210875
0.00239875
0.002185
0.00227
0.00353625
0.0021325
0.0018425
0.00242375
0.00239625
0.00249875
0.00275375
0.00236375
0.0026
0.00262125
0.00185375
0.002765
0.00296375
0.00203
0.00343375
0.00346625
0.00157125
0.00239
0.00283
0.00215375
0.0026375
0.0027
0.00230125
0.0024725
0.002195
0.00288125
0.002935
0.00288
0.00314125
0.00273125
0.00320625
0.002435
0.00236375
0.00251125
0.00207375
0.00190125
0.00289125
0.00292875
0.00271625
0.00217
0.00190125
0.00217875
0.00243375
0.0027225
0.00279875
0.00209875
0.0020775
0.0028025
0.00290375
0.0024725
0.003435
0.00222875
0.00277875
0.00268625
0.00163
0.0020525
0.002725
0.002965
0.00266
0.002875
0.00148875
0.00229625
0.00194625
0.00250875
0.00253625
0.0019425
0.00170125
0.00176375
0.0025025
0.00232
0.00292125
0.0019
0.00204375
0.0022475
0.0019325
0.00185
0.0020825
0.00248
0.00227625
0.0027525
0.00214875
0.00290375
0.00281625
