0.002615
0.0024475
0.002255
0.00205125
0.0023175
0.00216
0.00217125
0.002995
0.00243375
0.0030375
0.0019275
0.0025025
0.00195625
0.00229625
0.00143625
0.00184125
0.00203125
0.00175375
0.00209875
0.00214875
0.0023075
0.00232875
0.0017775
0.00228
0.00193375
0.00216375
0.00199625
0.0018275
0.002355
0.00218
0.0018775
0.00250375
0.0025875
0.0018725
0.0021125
0.00236375
0.00284
0.002125
0.00155625
0.00209375
0.0023275
0.00199875
0.001695
0.0015525
0.00279625
0.00235375
0.0022
0.00260875
0.0021825
0.0023425
0.00272
0.0027325
0.00217875
0.00229375
0.00219125
0.0026925
0.0019825
0.0025125
0.0022275
0.0026525
0.0018625
0.002975
0.00252625
0.00198
0.0025475
0.00280875
0.002105
0.00243125
0.0022825
0.00184375
0.0015075
0.00142375
0.0020875
0.0030375
0.0023425
0.00191625
0.00207125
0.00216125
0.00216875
0.002255
0.0019025
0.002155
0.0020875
0.00215125
0.00220625
0.0020875
0.00231125
0.0020125
0.002075
0.00241
0.00181875
0.00321375
0.001825
0.00229
0.001785
0.002095
0.00237125
0.00248625
0.00212125
0.00210125
