0.0019725
0.0028025
0.00191375
0.00266
0.00198875
0.0025
0.00207875
0.00285875
0.00189625
0.0018925
0.00317
0.0026075
0.00216875
0.002775
0.00304875
0.00265375
0.00281375
0.00206875
0.0019975
0.00284125
0.0027175
0.00243375
0.00216
0.00240625
0.00390375
0.00339
0.00231375
0.00228375
0.0025625
0.0025275
0.002455
0.00235875
0.00275
0.00254
0.0023475
0.00289375
0.002065
0.00191875
0.00205875
0.00236
0.00295
0.0034525
0.00235125
0.00268125
0.00277625
0.00224375
0.00279625
0.00275125
0.00214875
0.00251375
0.00240375
0.00168625
0.00270875
0.00292
0.00164875
0.00264375
0.00249375
0.0032625
0.0025975
0.00245375
0.0028925
0.0023375
0.00329875
0.00278625
0.00229875
0.0029125
0.0021275
0.0023725
0.002815
0.00305375
0.0023825
0.00259125
0.00226375
0.0023625
0.00263625
0.00281125
0.0028575
0.00259125
0.00258
0.001645
0.00188875
0.00207125
0.00229
0.00188
0.0024275
0.00189875
0.0025425
0.00179
0.00261875
0.00265125
0.0022325
0.0025475
0.002185
0.0029625
0.00257125
0.00252875
0.00245875
0.002435
0.00269625
0.00199625
