0.0014775
0.00227625
0.00214375
0.00103625
0.00227625
0.00179375
0.0016825
0.001565
0.00158125
0.00231125
0.00192125
0.00183375
0.0020925
0.00211875
0.00147625
0.00206875
0.001785
0.0014775
0.00189375
0.00166625
0.0020275
0.00186875
0.00159375
0.00172125
0.00181625
0.002435
0.00175
0.00190625
0.0013025
0.0018175
0.00200875
0.001445
0.0017125
0.00174875
0.0017025
0.00193
0.00222375
0.0020525
0.0018375
0.00158375
0.00171875
0.00209875
0.00199125
0.0020925
0.00209875
0.00201625
0.0018625
0.00217875
0.00194875
0.00191375
0.00154875
0.00193875
0.0023425
0.00235875
0.00199875
0.0012525
0.0022825
0.0017675
0.002045
0.00215125
0.00202375
0.00233875
0.0019075
0.002245
0.0026175
0.00258125
0.00186875
0.0020925
0.00200875
0.002315
0.00160125
0.00169625
0.00162
0.00249625
0.00201
0.00226875
0.00258625
0.00167
0.00213875
0.00254125
0.002065
0.00180875
0.0015925
0.00196
0.001495
0.00208
0.0018825
0.0020525
0.0022275
0.0019875
0.00166
0.00250625
0.00202
0.00150125
0.00134125
0.00202125
0.00218875
0.00205625
0.0021175
0.00222
