0.00257375
0.0021525
0.001865
0.00257875
0.002125
0.00206625
0.00214125
0.00192125
0.0026525
0.0022
0.00235125
0.0022575
0.0023025
0.00203125
0.0027425
0.00217375
0.00230625
0.00194875
0.00230875
0.0024625
0.00276625
0.0019525
0.0026325
0.00195625
0.00218875
0.0022425
0.00196375
0.001965
0.0021875
0.00146625
0.00261875
0.00244125
0.00196625
0.0020725
0.001755
0.00160875
0.00239375
0.0025825
0.00209375
0.0026025
0.00229375
0.00188375
0.0021775
0.00262125
0.00246875
0.002595
0.00207625
0.00189625
0.0025025
0.00292625
0.00220625
0.002195
0.0026225
0.00206125
0.00228875
0.00205125
0.0019425
0.00239375
0.00247625
0.0014375
0.00219125
0.001645
0.00225625
0.0015875
0.00204
0.00165875
0.00248875
0.002815
0.00168125
0.002065
0.00236625
0.0018325
0.00154375
0.00294125
0.0021675
0.00231
0.00163625
0.002835
0.00227125
0.00180375
0.00253375
0.00157
0.00221875
0.00254625
0.00239625
0.0017025
0.00168
0.0028075
0.00228375
0.00240625
0.0021825
0.0020325
0.00234
0.0017825
0.001485
0.00207375
0.0023625
0.0024325
0.00237
0.00191125
