0.00348875
0.0022825
0.00254875
0.00214125
0.00205375
0.0027525
0.0026125
0.00200625
0.00212875
0.0022525
0.00161875
0.001385
0.00238875
0.0023975
0.00205875
0.00207875
0.0020875
0.0021225
0.00215875
0.002145
0.00210625
0.00157625
0.0018025
0.00222375
0.00227
0.00183875
0.0022475
0.0021
0.00222875
0.0019075
0.00217125
0.00177625
0.00214
0.00203125
0.00202
0.00247625
0.00208
0.00210625
0.00173625
0.0018
0.00158625
0.00239875
0.00288375
0.0013775
0.0020275
0.0018575
0.00256625
0.00211125
0.00308625
0.00214375
0.0027525
0.00201375
0.00261
0.002035
0.00258375
0.00227625
0.00233875
0.0024075
0.0023775
0.00223625
0.00233875
0.0024075
0.00218625
0.002565
0.00284125
0.0021
0.00169625
0.002085
0.00241
0.00218625
0.00189
0.0024575
0.0023225
0.0021625
0.0020275
0.00228
0.0023175
0.002065
0.002225
0.00189625
0.00268625
0.00217
0.00180875
0.00311
0.0022125
0.00219625
0.00211875
0.0027775
0.00177625
0.0022375
0.00267125
0.00232625
0.00257125
0.00219875
0.00221625
0.00243
0.00223375
0.00188625
0.0016575
0.00243
