0.002025
0.0019475
0.001725
0.00150125
0.00178625
0.00173875
0.00224875
0.00164375
0.00182125
0.00182375
0.0019775
0.00176625
0.0024525
0.00168875
0.0016025
0.0024075
0.00133125
0.00209375
0.0018625
0.00209875
0.00160125
0.00253875
0.00134375
0.0019875
0.002275
0.00192375
0.00186125
0.00202
0.0016125
0.00211125
0.00173875
0.0019675
0.00233
0.002545
0.00194
0.0019925
0.0013
0.00198875
0.00236375
0.00265625
0.00191125
0.0014625
0.00164625
0.0019125
0.0015775
0.00173125
0.002015
0.002025
0.0015225
0.00226875
0.00174375
0.00148
0.0024125
0.00193625
0.00227625
0.00236375
0.00156125
0.0021775
0.00206625
0.002775
0.0020175
0.00222125
0.00229875
0.00204125
0.00239375
0.0019725
0.00217625
0.0021075
0.00230375
0.001925
0.001885
0.00209875
0.0014775
0.00226125
0.00218125
0.00214
0.0018025
0.002385
0.00198875
0.0022975
0.00201125
0.00198375
0.0021975
0.00185
0.00207375
0.00205875
0.00160625
0.00174875
0.0022775
0.0022675
0.00162875
0.00227875
0.0016275
0.001895
0.00204125
0.00203625
0.00157
0.00197875
0.00173
0.00141625
