0.00219375
0.00154625
0.00231875
0.0020125
0.001675
0.00164875
0.001845
0.00174
0.00212875
0.00218625
0.002005
0.0018375
0.00142875
0.00149125
0.00148875
0.00189625
0.00216125
0.00213875
0.00160875
0.00179375
0.00196
0.001815
0.00208875
0.00182625
0.00213875
0.0014225
0.00150625
0.00201875
0.00210875
0.00193
0.00169
0.00213375
0.00229125
0.00165625
0.00152
0.00172375
0.00205875
0.001645
0.00153125
0.00190375
0.00175375
0.00231125
0.00191375
0.0021675
0.0025225
0.00171125
0.00209125
0.00148
0.0018925
0.002035
0.00162875
0.0025275
0.00220625
0.00212625
0.00151625
0.0017675
0.00202375
0.00183875
0.00160125
0.00160625
0.002545
0.0017425
0.001785
0.002035
0.0015625
0.0015375
0.001725
0.00223375
0.00161
0.00192375
0.00201625
0.00144875
0.00172875
0.001705
0.00202875
0.001585
0.00147875
0.00191625
0.00197625
0.00222
0.00158875
0.0018275
0.0016075
0.001595
0.0015975
0.002305
0.00151625
0.0016625
0.00213625
0.00170125
0.00200375
0.0014325
0.00197125
0.00173
0.0017675
0.0015475
0.001765
0.00210875
0.0018075
0.001245
