0.0018
0.00193
0.001965
0.00224875
0.00172375
0.0015775
0.001965
0.00243875
0.00216125
0.00194125
0.00195
0.00179875
0.00179125
0.00160125
0.00208
0.001835
0.00208
0.00181875
0.00204625
0.0018
0.00178
0.00176625
0.0018175
0.00267375
0.00129
0.00187
0.00202375
0.00221125
0.00208
0.00205375
0.00164625
0.001875
0.0018825
0.00212625
0.00212
0.0022375
0.0021375
0.00182875
0.00189375
0.00181
0.0021275
0.00228
0.001865
0.00235625
0.00186625
0.0019375
0.002035
0.00193
0.0022375
0.001725
0.00097125
0.00146625
0.00216
0.002135
0.00200125
0.00180875
0.001905
0.0020725
0.0020975
0.00159125
0.00163125
0.00213125
0.00138
0.001945
0.001305
0.002075
0.001845
0.00191
0.0017275
0.00183375
0.0020625
0.00160625
0.00208625
0.00212375
0.00190625
0.00191
0.00175
0.00124375
0.00145125
0.00180625
0.00180625
0.0018625
0.00193375
0.0022125
0.0015975
0.00154
0.001855
0.00154875
0.00219625
0.00178875
0.00173
0.001645
0.0017625
0.0020425
0.0020925
0.00161875
0.00194625
0.0016875
0.0018575
0.002205
