0.00117875
0.00171
0.0018
0.001955
0.00171625
0.002325
0.00194125
0.00204125
0.002285
0.0020775
0.00181875
0.0020025
0.002265
0.00164625
0.00196125
0.00244625
0.00208625
0.00254375
0.00242375
0.0018575
0.00153625
0.00160875
0.0021075
0.00196625
0.001755
0.00239
0.00162125
0.00199375
0.00189625
0.0020725
0.0019225
0.0024875
0.00216625
0.00167375
0.00205875
0.0019975
0.002205
0.00242375
0.00233125
0.00262125
0.00267875
0.00251
0.00183125
0.0019975
0.0024925
0.00227125
0.0018975
0.00207
0.0020725
0.00221875
0.00246625
0.0014575
0.00257
0.00208375
0.0022275
0.00213625
0.00165625
0.0021425
0.00241
0.0018125
0.002115
0.00172625
0.00249375
0.00152375
0.00199625
0.0020925
0.0022
0.00206875
0.00177625
0.00205625
0.0021575
0.0023325
0.00203375
0.00257125
0.00238625
0.0020175
0.00150875
0.00208375
0.0019675
0.00237375
0.002165
0.00266
0.00230125
0.002295
0.002255
0.0025675
0.00183
0.00224375
0.002355
0.00182
0.00194125
0.00200375
0.00260875
0.00185875
0.00200125
0.002055
0.0024
0.00260875
0.0018825
0.00239625
