0.00218875
0.0019675
0.00134875
0.00217125
0.00172125
0.00155625
0.00181875
0.0018175
0.00172625
0.0019125
0.00158375
0.0018575
0.0016825
0.00199125
0.00158875
0.00195375
0.00197625
0.00221625
0.00204625
0.0021725
0.001835
0.001795
0.00156125
0.002125
0.00167625
0.00182375
0.0019325
0.00230375
0.00176125
0.00149625
0.0022725
0.00195625
0.00217625
0.00204875
0.0016125
0.00186875
0.00202375
0.00162125
0.00178
0.00178625
0.00187875
0.0023825
0.0017675
0.00197125
0.00203625
0.0014475
0.001965
0.00202125
0.0023875
0.0017625
0.001765
0.0019225
0.00191375
0.0021525
0.0016575
0.00194
0.0020725
0.00179375
0.00186875
0.00203625
0.00245375
0.00165
0.00169375
0.00188625
0.00213
0.00208125
0.00190125
0.00210625
0.00192375
0.00218375
0.001555
0.00183125
0.00160125
0.00169125
0.00222375
0.00172375
0.0015675
0.00145125
0.002045
0.00209875
0.00135
0.00191
0.00229875
0.00188125
0.00206375
0.00157
0.00172
0.0017575
0.00148625
0.0018725
0.00167375
0.0016625
0.00192375
0.001695
0.00192
0.001505
0.00163375
0.001525
0.001965
0.001625
