0.0029
0.0038375
0.00355125
0.00366
0.00374
0.0032675
0.00307
0.0028175
0.00321
0.0035825
0.00433125
0.004775
0.00323375
0.0026925
0.00291
0.002715
0.0033475
0.0043325
0.00189
0.002945
0.00333875
0.00248
0.00263875
0.00395875
0.00277875
0.00320625
0.00281125
0.00268625
0.0032725
0.00264375
0.00305
0.00385125
0.00401125
0.00299
0.00322125
0.003545
0.00326125
0.00274625
0.003465
0.00299625
0.0030425
0.003455
0.00254375
0.0035425
0.0026875
0.004345
0.00415375
0.003115
0.00249375
0.00394625
0.00215375
0.00315625
0.00247
0.00467
0.003345
0.0027325
0.0035975
0.00254875
0.00284625
0.00373125
0.001475
0.0038525
0.00299
0.0025075
0.00362875
0.0030525
0.0026325
0.004065
0.00264125
0.002335
0.0033525
0.00281125
0.00342875
0.0040025
0.0018525
0.00215375
0.0029325
0.00280375
0.0037125
0.00297625
0.00321
0.003205
0.00295875
0.00215875
0.00278875
0.00339375
0.003605
0.0037475
0.00195125
0.0034775
0.00399625
0.00422875
0.00257875
0.0026525
0.003845
0.00283625
0.00322
0.00352125
0.00302375
0.002595
0.00347875
0.00393875
0.00285125
0.00395125
0.00255625
0.00256375
0.00368125
0.00191
0.00301
0.0024075
0.0030325
0.00237625
0.0027525
0.00310875
0.00289375
0.00226125
0.00168375
0.00366625
0.0016575
0.00393
0.00268375
0.0029725
0.0032225
0.00293
0.0034075
0.00255875
0.00334125
0.00254
0.0026675
0.0029675
0.002525
0.0028925
0.003205
0.0039025
0.00327875
0.00222125
0.00295125
0.00299875
0.00223125
0.002525
0.00367875
0.00329125
0.00373625
0.00212125
0.0046125
0.00353
0.00420875
0.00213875
0.003705
0.003785
0.00343375
0.00274
0.003965
0.00292125
0.00364375
0.002505
0.0028375
0.0026525
0.00274375
0.00391875
0.00322875
0.00322875
0.00358875
0.0036025
0.0029275
0.00342625
0.0031925
0.00310125
0.00228125
0.00286625
0.00266875
0.00402125
0.0032275
0.00323125
0.0025075
0.0039775
0.00296
0.00306
0.00403875
0.0039725
0.00357875
0.003595
0.00372375
0.00314625
0.00227375
0.00272
0.00337625
0.0027525
0.002555
0.00297625
0.00225875
0.00341
0.00344875
0.003775
0.00182875
0.0032125
0.0032825
0.00227375
0.0036875
0.001965
0.00345375
0.0037275
0.00299125
0.00299375
0.00344125
0.00361125
0.00288875
0.0036175
0.00303625
0.0028075
0.00319125
0.00362125
0.00379625
0.00373125
0.002635
0.0045525
0.00264875
0.0034725
0.00381
0.00390375
0.00314375
0.0035775
0.00306
0.002445
0.00424
0.00331375
0.00353375
0.00258375
0.00326
0.00329
0.00375125
0.00347
0.00332
0.003475
0.0031775
0.00355625
0.00284625
0.00352875
0.00304875
0.00316125
0.00340625
0.002555
0.0030875
0.0036275
0.00320875
0.00224625
0.002955
0.00392
0.00311375
0.004145
0.00401125
0.00242375
0.003915
0.003825
0.0032475
0.0022875
0.0034425
0.0036875
0.00356
0.005095
0.00355375
0.001975
0.00371125
0.00310875
0.0035875
0.0021725
0.00345625
0.0036475
0.00301875
0.00331125
0.0024875
0.00301375
0.00318
0.0034775
0.00409875
0.00293125
0.00202
0.003335
0.00369375
0.00242375
0.00240375
0.0029025
0.00299875
0.00269625
0.003745
0.0031325
0.00244375
0.00371125
0.004245
0.00276625
0.00293
0.00271875
0.00255375
0.00275625
0.00329625
0.00271
0.002895
0.00375375
0.0030575
0.0038275
0.00309625
0.0031725
0.00335
0.0027325
0.00281
0.0034825
0.00323625
0.00284
0.00265375
0.0032125
0.00252375
0.00216
0.00371
0.002575
0.0031725
0.00297125
0.0030475
0.00308375
0.003195
0.00320375
0.00283875
0.0032825
0.00280625
0.00314625
0.00361625
0.00254625
0.0032175
0.0025525
0.00319375
0.0028575
0.00336
0.0026275
0.004405
0.00219875
0.00320875
0.00287625
0.00188
0.00400875
0.0035925
0.0036225
0.0031675
0.00311375
0.0039425
0.00327625
0.002615
0.0030975
0.002975
0.00319125
0.00343625
0.00243375
0.002825
0.00218875
0.00349125
0.0029675
0.00337625
0.002775
0.00360375
0.00376
0.00260875
0.00347375
0.00316375
0.00299625
0.00306375
0.0026575
0.00404
0.00303125
0.00373375
0.00305875
0.00379125
0.00361375
0.003945
0.0036775
0.00279875
0.0036875
0.00321375
0.0028425
0.00356
0.0049825
0.0038375
0.00376
0.00309625
0.00254875
0.00261625
0.00403625
0.00325625
0.0036225
0.00167625
0.003185
0.0032175
0.0025975
0.0034125
0.00283875
0.00361625
0.00275625
0.00306125
0.00291375
0.00307125
0.0025225
0.0026325
0.00296625
0.0020025
0.0027375
0.00242375
0.00351625
0.00301
0.00258375
0.00369
0.00399875
0.0027125
0.00283875
0.00379
0.00276625
0.002295
0.0028625
0.00201875
0.00286125
0.00427125
0.00351
0.0030925
0.0023075
0.00318625
0.0043425
0.00316625
0.00341875
0.00289375
0.0027375
0.00412375
0.0035975
0.00332625
0.0035375
0.0030175
0.00183625
0.00253375
0.00344
0.002655
0.0037725
0.0038675
0.0036025
0.0036525
0.003585
0.00231
0.0035375
0.00288625
0.002485
0.0031225
0.00307125
0.00263625
0.00331875
0.0035275
0.00386125
0.003535
0.00289375
0.0033575
0.00282625
0.0026825
0.0038175
0.00329
0.0033
0.00375625
0.00337
0.0037975
0.00370875
0.00301375
0.00352
0.00302
0.00371625
0.00316125
0.00343125
0.0030575
0.00359
0.0030275
0.00361625
0.00292875
0.0037075
0.00290625
0.0031625
0.0028225
0.00291125
0.00288
0.00369875
0.0037
0.00303875
0.00351375
0.00352125
0.00403125
0.0035075
0.00267125
0.00298625
0.00336875
0.0029375
0.00377875
0.0027725
0.00272875
0.0027375
0.00329375
0.0030525
0.00308875
0.00233875
0.00312625
0.0038475
