0.0031375
0.002955
0.003565
0.0027875
0.00346125
0.002205
0.00348125
0.00304625
0.00237125
0.00285625
0.0038125
0.00348625
0.0024325
0.0025225
0.00352375
0.00306875
0.0030725
0.00262875
0.00427125
0.002585
0.0034925
0.00341125
0.004235
0.003705
0.0034125
0.00339625
0.00357125
0.0031675
0.00354
0.00299125
0.00272125
0.00317
0.00284125
0.00311125
0.00227625
0.0044125
0.00295625
0.00321375
0.003235
0.0024
0.003305
0.00236625
0.00284125
0.00339875
0.0029075
0.0028275
0.00401875
0.00213875
0.00355
0.00289375
0.00365625
0.00311125
0.00316625
0.00191375
0.00277
0.0033425
0.00238125
0.003225
0.00353125
0.00365125
0.002425
0.00320375
0.00294625
0.00303875
0.00319
0.003055
0.0034025
0.00353625
0.0031325
0.00396125
0.00308
0.003405
0.00379375
0.0026275
0.00374375
0.0026725
0.00379625
0.00265
0.00491625
0.00277875
0.0035725
0.0031225
0.00302625
0.00348375
0.00260125
0.00365875
0.0035525
0.00361
0.00434625
0.00366125
0.00306125
0.0024425
0.00300625
0.00322375
0.00366125
0.00334625
0.002665
0.0036725
0.00347
0.00176
0.00293625
0.00348125
0.00238
0.0034025
0.0021025
0.00270625
0.00387
0.002985
0.003095
0.002935
0.0035325
0.003335
0.002805
0.00317625
0.00384625
0.003285
0.00288625
0.0025475
0.003915
0.00256375
0.00325625
0.0032075
0.00415375
0.00355875
0.00452
0.00267625
0.00272375
0.0034475
0.00369375
0.0032525
0.002775
0.0037475
0.00313375
0.0032225
0.00355875
0.002175
0.00268625
0.0036175
0.00483375
0.00319625
0.00241125
0.00244625
0.00392625
0.003245
0.0028825
0.00353125
0.00286625
0.00365625
0.003085
0.00362375
0.00238875
0.00307
0.00355
0.00309625
0.0032075
0.00429
0.002645
0.00265
0.00328375
0.0029725
0.00209
0.00256875
0.0023325
0.00276625
0.00405
0.00387
0.0030275
0.00245375
0.00327375
0.0033025
0.00296875
0.0036
0.0020625
0.00456625
0.002985
0.00193375
0.002945
0.00284875
0.003825
0.00300625
0.00388375
0.00327625
0.00314
0.002195
0.00256375
0.003735
0.00394375
0.00360375
0.003515
0.00285625
0.00212875
0.00348625
0.00317625
0.00324625
0.00325375
0.0037275
0.00301
0.0036375
0.0030325
0.00285625
0.00288
0.0034425
0.0028175
0.0027825
0.00291
0.00351875
0.00428375
0.00360125
0.0019175
0.00145
0.0031175
0.00350125
0.00390875
0.002325
0.0020975
0.00290125
0.0034075
0.00347375
0.00354375
0.00365625
0.003085
0.003335
0.0033775
0.00306875
0.00261375
0.00277
0.00396875
0.00383375
0.0022575
0.00425625
0.00290375
0.00408625
0.0031625
0.00383125
0.00388625
0.00399875
0.00384125
0.00286625
0.00337875
0.0034025
0.00345
0.0040175
0.00310125
0.003005
0.00344375
0.0023875
0.00347625
0.0040575
0.0029725
0.00238875
0.00279125
0.00321125
0.003565
0.0025375
0.00387
0.0033775
0.00319
0.00411375
0.00281
0.00347125
0.00262875
0.0038275
0.00303125
0.00290375
0.00295
0.0033325
0.003435
0.003445
0.0034575
0.0029275
0.0026725
0.00336875
0.0033475
0.00307375
0.00431
0.00308375
0.00236
0.003385
0.00271375
0.00380875
0.0033625
0.0030875
0.00358125
0.002295
0.00373125
0.00272125
0.0035525
0.00362625
0.00447375
0.0033825
0.0037275
0.0028625
0.00295
0.00253125
0.00275875
0.00246875
0.00227875
0.002635
0.00285625
0.00337125
0.00396125
0.00290625
0.0040325
0.002925
0.00279625
0.00345625
0.00266
0.0037925
0.00294
0.00232625
0.002775
0.00312625
0.00371125
0.00307125
0.00251125
0.00338625
0.00408625
0.00355125
0.00235875
0.00315625
0.00322625
0.00374625
0.003145
0.001945
0.00316125
0.0034725
0.004005
0.00245625
0.0021125
0.003055
0.00391625
0.0026725
0.0025825
0.00310875
0.00336875
0.0037225
0.0040625
0.0037
0.00427375
0.00371125
0.00358125
0.00180625
0.00316625
0.0034925
0.00345625
0.003645
0.00321875
0.00242375
0.004165
0.00319
0.003425
0.00267625
0.00260125
0.00303875
0.00326125
0.00317125
0.0024
0.0029725
0.00240875
0.00303125
0.00317375
0.0036225
0.00247125
0.00267375
0.002465
0.00378
0.00313625
0.00340875
0.0029
0.00354125
0.00251625
0.00368625
0.00298875
0.003395
0.0041625
0.00283625
0.002855
0.00267375
0.00261
0.00241875
0.00339375
0.00309625
0.0038625
0.0034825
0.00278875
0.002875
0.00332625
0.0029925
0.0038475
0.0036825
0.00305125
0.00242625
0.0025575
0.00356375
0.00237625
0.00367125
0.00323875
0.00297875
0.00325
0.002805
0.00387375
0.0033275
0.0029225
0.00306375
0.00340625
0.0035675
0.003025
0.0030525
0.00361625
0.00396
0.0035375
0.0028575
0.00392875
0.00304125
0.002815
0.0033075
0.00253
0.00327875
0.0032275
0.002115
0.003365
0.00334125
0.0031225
0.00399
0.00341
0.00289625
0.00363125
0.00372375
0.00436875
0.00232625
0.00294875
0.00360375
0.0034525
0.0029275
0.00304125
0.0034725
0.00316875
0.0028975
0.0032575
0.00337
0.00317375
0.003235
0.0025925
0.00382625
0.00261625
0.0033125
0.00236
0.0033375
0.003395
0.00330375
0.00433125
0.0039075
0.00442
0.00402125
0.00342
0.00298875
0.00357125
0.003045
0.00388875
0.0031575
0.0042475
0.003105
0.00400125
0.00488875
0.00296
0.00543125
0.0026225
0.0027425
0.00331
0.0033725
0.0019825
0.0035
0.00392375
0.00359875
0.00346375
0.00353625
0.00315375
0.00362125
0.0031675
0.00280625
0.00347625
0.0034975
0.00429625
0.00347
0.00298625
0.00289375
0.00342625
0.00313875
0.0039275
0.0038
0.0028225
0.0032025
0.00349375
0.00287125
0.00299375
0.0033525
0.00288125
0.00332875
0.0036775
0.00346375
0.00383875
0.0040975
0.0045275
0.00359125
0.0027425
0.00337625
0.003155
0.00336
0.00395875
0.00307375
0.00441375
0.00285
0.00374875
0.00373625
0.00340625
0.0035175
0.0030925
0.00334125
0.00383625
0.0043425
0.0026875
0.002665
0.003925
0.00338375
0.002735
0.00389125
0.0039725
0.00302
0.00372375
0.00278125
0.00336375
0.00285875
0.0029475
0.00415375
0.00412625
0.00240875
0.00153875
0.00294875
0.002885
0.0026475
0.003145
0.00255375
0.00233625
0.00373
0.0029775
0.0039825
0.00291375
0.00370625
0.00354
0.00348
0.00286875
0.0031025
0.0030075
0.00257625
0.003355
0.003665
0.00313
0.003245
0.00313375
0.00386125
0.0035125
0.0033625
0.00221875
0.00337625
0.00257125
0.00281125
0.00253125
0.0040725
0.00350625
0.00270125
0.00285625
0.0034175
0.00297375
0.0028375
0.00337
0.00255
0.00248125
0.0032475
0.00280875
0.0026425
0.00311
0.0027825
0.0027475
0.0037975
0.003055
0.00309875
0.00332625
0.0040325
0.00356
0.00310125
0.00401375
0.00233125
0.00436375
0.00421125
0.004055
0.002825
0.004475
0.00240125
0.00418625
0.003605
0.003595
0.002335
0.00301
0.003485
0.0036275
0.00207375
0.00344125
0.00324125
0.0032575
0.00222875
0.00437375
0.00345375
0.00313125
0.00319875
0.0039925
0.00379125
0.00398875
0.00318
0.0025075
0.00248625
0.003045
0.0030625
0.0036675
0.00316875
0.00362625
0.00374625
0.00359
0.00328875
0.00441625
0.00292375
0.00357625
0.003585
0.00306625
0.00235
0.0028725
0.00414375
0.00428375
0.00405875
0.004
0.00378125
0.0027675
0.0039275
0.00340875
0.00343625
0.00353875
0.00446375
0.0023875
0.00355125
0.00279875
0.00339125
0.0023475
0.00309125
0.0033875
0.00317375
0.00298375
0.00335125
0.00301375
0.00308625
0.00365125
0.00342375
0.003565
0.00215
0.00379625
0.00312375
0.00355375
0.00316375
0.0035175
0.00333375
0.00334625
0.0028575
0.0039825
0.00288125
0.0027275
0.00329125
0.00314625
0.00411
0.003845
0.00349125
0.00248125
0.00293625
0.00335
0.0027125
0.00268875
0.00271375
0.0032625
0.0037425
0.0033225
0.00344625
0.00318125
0.00315625
0.0039675
0.003145
0.00297
0.0035725
0.00259375
0.0026025
0.0040925
0.002975
0.003135
0.003885
0.00363375
0.0049175
0.003255
0.00290375
0.003105
0.0036925
0.00293375
0.00253125
0.0022275
0.00376625
0.003965
0.0028725
0.00190625
0.00401125
0.0037675
0.00277
0.00287875
0.00384625
0.00350125
0.00377625
0.002975
0.00395125
0.002795
0.003295
0.00424625
0.00392375
0.0025
0.00290125
0.0030975
0.00330125
0.00357625
0.00321125
0.004455
0.00329125
0.0041075
0.0030475
0.00363
0.0032875
0.00353125
0.00431625
0.0026825
0.002865
0.00289875
0.00416375
0.0029125
0.00371125
0.00351125
0.003245
0.00346125
0.00286375
0.0048
0.00302875
0.00337625
0.00353125
0.00374125
0.00396125
0.00318375
0.00280375
0.0033275
0.0032775
0.00345875
0.003905
0.0036125
0.0034125
0.0028625
0.00280125
0.0032975
0.0034725
0.0042275
0.0027675
0.00384125
0.00261625
0.00394625
0.0032725
0.00373
0.003345
0.00345625
0.0031875
0.0026775
0.00223375
0.00387125
0.00215375
0.0030675
0.00361375
0.0024525
0.00330625
0.0026375
0.00316
0.00298875
0.0029325
0.0023125
0.00353125
0.00426625
0.00300875
0.003655
0.0033225
0.0026975
0.00309
0.003715
0.003
0.0033
0.002735
0.00287875
0.00345875
0.0036275
0.0026
0.00376875
0.003795
0.0036275
0.00423
0.00343125
0.00248
0.0032225
0.00398375
0.002265
0.0029025
0.00392375
0.00355125
0.00329125
0.0037225
0.00482
0.00310625
0.00371375
0.00315625
0.00411625
0.00407375
0.0041625
0.00290625
0.00425125
0.00344625
0.00287875
0.002895
0.00231375
0.00292625
0.004275
0.0037425
0.0030775
0.00316625
0.0036875
0.00362875
0.00335875
0.00250125
0.003035
0.0026675
0.0026775
0.00368
0.0034725
0.003045
0.0043775
0.0032175
0.00296375
0.00305375
0.0030175
0.00266
0.00294
0.0032775
0.00262625
0.0036725
0.00286125
0.00323125
0.0041575
0.0026375
0.00312375
0.0039775
0.00307125
0.00242
0.00404375
0.00482375
0.001885
0.00222875
0.00275125
0.0043025
0.0026375
0.00349875
0.00330375
0.0043725
0.0031525
0.00253125
0.003365
0.00381125
0.0033675
0.00401375
0.003745
0.00302125
0.003925
0.00379875
0.00327875
0.0041425
0.00414125
0.0032075
0.0033325
0.003145
0.00395625
0.0023325
0.00288625
0.00345375
0.00275875
0.00285125
0.00326375
0.00385
0.00285875
0.002735
0.0027575
0.0026375
0.00364875
0.0023225
0.00399625
0.00395
0.0037725
0.002865
0.003525
0.00234625
0.00348625
0.0020275
0.0028575
0.0031125
0.002815
0.003315
0.00292625
0.00435875
0.00383875
0.004335
0.00282875
0.0022975
0.00288375
0.00266625
0.00388875
0.00474125
0.003325
0.0037225
0.00295625
0.00236
0.0028
0.00329375
0.0034625
0.0027825
0.0043875
0.002205
0.00415
0.00395125
0.002825
0.00242625
0.002705
0.0035925
0.002445
0.00309
0.00259625
0.004375
0.00327875
0.003755
0.00402375
0.0037275
0.00382125
0.00336875
0.00264625
0.00327
0.00330625
0.0040675
0.004185
0.00325
0.0018325
0.00299125
0.00322875
0.002325
0.00328
0.00414375
0.002725
0.00359875
0.00307125
0.003355
0.0035725
0.0032025
0.00316875
0.00316125
0.0031075
0.00358
0.00278875
0.00345
0.0028875
0.00293375
0.00306875
0.0036125
0.0036975
0.00278625
0.00322125
0.0033525
0.0031225
0.00485625
0.0033075
0.002645
0.00338125
0.00329875
0.0037275
0.0029
0.0026875
0.00396875
0.0043075
0.0034775
0.0025825
0.0023575
0.00431375
0.00336625
0.00346125
0.00487
0.0032325
0.004045
0.00358625
0.0030625
0.00401375
0.00303875
0.00367625
0.00401875
0.00232125
0.00383125
0.00426375
0.00328375
0.00272125
0.00303375
0.00341125
0.00383875
0.00373625
0.003535
0.00277375
0.00368625
0.0034175
0.00366875
0.00310125
0.0034625
0.00275
0.00255125
0.00365
0.0036575
0.0032525
0.00303125
0.00342
0.0029025
0.00402625
0.0026625
0.00328125
0.00368
0.0034875
0.00219
0.00264125
0.00255875
0.00323875
0.00255625
0.00313875
0.00218875
0.0025125
0.0027275
0.0037325
0.00239
0.00361
0.00228
0.0029525
0.00312875
0.00332
0.00234625
0.00282
0.00285
0.003435
0.0023575
0.00295875
0.00262
0.0029975
0.0032875
0.00361375
0.00379375
0.00336875
0.0030425
0.0023975
0.0033475
0.00217625
0.003295
0.00333625
0.003725
0.0025975
0.00302875
0.00396625
0.0034525
0.00316125
0.00224625
0.00371875
0.002845
0.0033075
0.0025125
0.00385
0.00335125
0.00408125
0.003475
0.0034
0.00390625
0.00358125
0.0028575
0.00248875
0.00246
0.00389625
0.0032575
0.00199
0.00319375
0.00249625
0.00438
0.00373875
0.004065
0.002935
0.00396125
0.00364125
0.00241875
0.0028375
0.0036475
0.0033
0.0030275
0.0032175
0.0028025
0.0037925
0.0029975
0.0038575
0.00312125
0.0030425
0.0024325
0.002995
0.00318625
0.0027225
0.00331875
0.00445625
0.00289
0.00377375
0.00272625
0.0026425
0.00306125
0.00381375
0.00398
0.00161
0.0035125
0.00388875
0.00276875
0.00344625
0.0019325
0.00326625
0.00346
0.00341375
0.00252125
0.00314875
0.002655
0.0031
0.00351625
0.00298
0.00351875
0.0032725
0.0033875
0.00341
0.0035225
0.00273125
0.00246125
0.003585
0.00291125
0.00340125
0.00365625
0.003605
0.00372
0.0032275
0.00318875
0.00240875
0.00379125
0.00452125
0.0037625
0.0038275
0.00299
0.0025775
0.0027975
0.002455
0.00434125
0.0035325
0.00326625
0.00304
0.00306375
0.00274375
0.00336125
0.003395
0.00408375
0.00291875
0.0030225
0.00300625
0.00366625
0.00292875
0.002255
0.00407375
0.00313375
0.00396875
0.00364375
0.00307875
0.002885
0.00404125
0.0031575
0.0040525
0.00436
0.00271375
0.00243375
0.00291
0.00292625
0.00373625
0.0036775
0.00402
0.00290375
0.00360875
0.0043175
0.00183375
0.00316125
0.00398125
0.0028975
0.00388625
0.00354
0.0028325
0.00281375
0.0028925
0.0026775
0.00262875
0.00339625
0.0038475
0.00310625
0.00362375
0.00192625
0.0039625
0.00328375
0.0029875
0.00389125
0.00328125
0.00337125
0.0029775
0.003225
0.0025025
0.00359125
0.00424
0.00314375
0.00240375
0.00296125
0.00346875
0.00313375
0.00260875
0.0041025
0.00416125
0.003555
0.003775
0.0028325
0.00281375
0.0024575
0.00353
0.00343375
0.0031225
0.00317625
0.00225125
0.00234
0.00248625
0.00324125
0.00340625
0.00323875
0.0037625
0.00333
0.0025275
0.0027425
0.00286
0.0020175
0.00299625
0.0027175
0.00378625
0.0026525
0.00347875
0.00341375
0.0036225
0.0035325
0.00418125
0.00315125
0.0028925
0.00381875
0.00246875
0.0031425
0.0032275
0.0034325
0.00421375
0.00269375
0.00348625
0.00275
0.00394
0.0033925
0.0028725
0.00276875
0.00347
0.00367
0.00288
0.00303375
0.002785
0.00350625
0.00337
0.00227375
0.00294
0.00332875
0.00326625
0.00344125
0.00324
0.0031725
0.003415
0.00300875
0.00287
0.00351625
0.00376
0.00404875
0.00358625
0.00368625
0.00347875
0.00234875
0.0027575
0.00325875
0.0025825
0.0037225
0.00226
0.0037025
0.0027175
0.00350625
0.00294625
0.00330125
0.00230875
0.00351625
0.0037425
0.00258375
0.00323125
0.00302375
0.0028125
0.002335
0.00224125
0.00230875
0.00427
0.0030975
0.0025225
0.003645
0.00375375
0.0033975
0.00307375
0.0037675
0.0026475
0.00380375
0.00287375
0.0033875
0.00428375
0.002645
0.0020475
0.00361125
0.00362125
0.00322875
0.0039725
0.0033025
0.00384625
0.00296625
0.00335625
0.00326125
0.00295125
0.003875
0.0026975
0.00258625
0.00335125
0.00307625
0.00380875
0.00383
0.00352875
0.00313375
0.00349875
0.00311
0.0037075
0.00317
0.0034825
0.00299875
0.0026925
0.002605
0.0035775
0.00328
0.00341125
0.00169375
0.00319
0.00459375
0.003205
0.0033325
0.00367875
0.0038625
0.00258375
0.00429875
0.00416375
0.00234625
0.0040425
0.003245
0.00354875
0.00371
0.004335
0.00413
0.00269875
0.0032575
0.00310125
0.00396125
0.00263125
0.00259125
0.0026775
0.00310125
0.00381125
0.00416
0.00349625
0.00418875
0.0030625
0.004375
0.00314375
0.00304
0.00278625
0.004175
0.00403
0.00348125
0.002695
0.003225
0.00383375
0.0024375
0.00351
0.00316375
0.00303
0.00276375
0.00261875
0.0032
0.00299125
0.00398625
0.0032675
0.0025275
0.0037725
0.0029475
0.00244625
0.00305375
0.00376125
0.00378875
0.0035175
0.00405625
0.0034625
0.00325125
0.00221
0.0026875
0.00232
0.003185
0.00318375
0.00323
0.00304125
0.003215
0.00336375
0.00295625
0.00362875
0.00255125
0.00316625
0.00325875
0.00285375
0.00270875
0.00292125
0.0037325
0.0028625
0.00257375
0.00365375
0.00278375
0.00271125
0.00274125
0.00371375
0.00385375
0.0039225
0.0031425
0.0032125
0.00388875
0.004015
0.00301125
0.00285375
0.0029675
0.003295
0.00430625
0.00381
0.00293375
0.00265625
0.003715
0.00289375
0.00358875
0.00413
0.00312375
0.0025225
0.0044175
0.00322625
0.0034425
0.00319125
0.0034025
0.0031625
0.0037075
0.00282625
0.00244
0.00350875
0.00383875
0.002745
0.00362625
0.00387125
0.002805
0.0028475
0.00381875
0.003425
0.00391375
0.00315625
0.0024125
0.0033725
0.003385
0.003035
0.00347375
0.0032625
0.003445
0.00334375
0.0025575
0.00384875
0.00233125
0.00322375
0.00371
0.00277875
0.00203375
0.00326375
0.00344375
0.00342625
0.00362375
0.00347
0.00287375
0.0033625
0.00334375
0.0037825
0.0036675
0.0019725
0.00329875
0.00337625
0.00211125
0.00417
0.00336625
0.00295
0.002905
0.00203375
0.00401375
0.00344875
0.0029125
0.002585
0.0029575
0.00282
0.003395
0.00358625
0.0034475
0.00343375
0.0022775
0.00337625
0.002645
0.0039325
0.00345625
0.00283375
0.002735
0.00302625
0.00391375
0.0038225
0.00455
0.00311875
0.0027625
0.003385
0.00317125
0.003185
0.0039275
0.0042975
0.002705
0.00383125
0.003165
0.00347625
0.00361125
0.00348375
0.00347125
0.00299625
0.00342875
0.0039275
0.00434
0.0022075
0.0025975
0.00375125
0.00344625
0.00349875
0.004235
0.004305
0.00371875
0.00376125
0.00297
0.00338125
0.00361875
0.0037075
0.00361875
0.0035475
0.0032525
0.003265
0.0026725
0.0043075
0.0029775
0.00337625
0.002645
0.00273625
0.00339625
0.00427
0.00343375
0.00361375
0.002465
0.00252375
0.00279
0.00332125
0.00298
0.00387875
0.00402625
0.0030675
0.00448875
0.00349
0.00337125
0.00349875
0.00377375
0.00301875
0.00293125
0.00297
0.00348125
0.00278125
0.0046425
0.003465
0.00396375
0.0032175
0.003995
0.00319
0.00257375
0.003355
0.00359
0.00301
0.0040275
0.00293625
0.00340125
0.00281625
0.00337
0.0038925
0.0026925
0.00279875
0.0041525
0.0028925
0.003525
0.00319
0.00401125
0.00243
0.00246875
0.00216375
0.0033625
0.0034675
0.00288375
0.002565
0.0034925
0.00362
0.0024225
0.00452625
0.00316875
0.0030975
0.0029375
0.00306875
0.00334125
0.00329375
0.00346625
0.00336125
0.00340625
0.00415125
0.0033425
0.003285
0.00365375
0.00299375
0.00376375
0.00413
0.00294125
0.00326
0.00323
0.0033325
0.0038525
0.0033125
0.00329625
0.00287625
0.00350125
0.003545
0.0017425
0.00323625
0.004015
0.0024025
0.003535
0.00277375
0.00242
0.0034325
0.002965
0.002965
0.00330625
0.00296375
0.00353
0.0026725
0.00303375
0.0035775
0.00326125
0.00253625
0.003375
0.00345125
0.003005
0.00319625
0.002905
0.00367625
0.003625
0.00293375
0.00321125
0.00330625
0.00300875
0.00361625
0.00315875
0.00307375
0.0036975
0.003145
0.00328375
0.00343625
0.00333875
0.00265375
0.0035375
0.00312375
0.003085
0.0032725
0.00282625
0.00325375
0.0028175
0.0043225
0.003035
0.00403125
0.00318125
0.0031475
0.00312875
0.002945
0.0033375
0.00369
0.0038275
0.0034775
0.002415
0.0033625
0.00271875
0.00317375
0.00330125
0.00317875
0.00469125
0.0035625
0.002645
0.0045025
0.0024525
0.00301
0.00286
0.00344625
0.00316125
0.0041225
0.0036625
0.00378875
0.0031375
0.00374625
0.00263625
0.00354
0.00437125
0.00187625
0.00342625
0.00447375
0.0034875
0.00326
0.00256875
0.00341125
0.001905
0.00365
0.003075
0.004065
0.00264875
0.00350375
0.0022775
0.00320875
0.0032825
0.0037375
0.00269875
0.00251875
0.00288875
0.00290875
0.0038925
0.00202875
0.00337875
0.00243625
0.00398125
0.00341125
0.00351
0.00413625
0.00384625
0.00216625
0.002625
0.0016625
0.00269125
0.00342125
0.002955
0.00348
0.00353125
0.00299625
0.0026925
0.0039375
0.00292375
0.0021175
0.00323125
0.00331125
0.00402125
0.00345625
0.00301375
0.00286
0.00313375
0.00232125
0.00367625
0.0020075
0.00328625
0.0016675
0.00405
0.002565
0.0029725
0.00418
0.00349625
0.00348875
0.002755
0.00387625
0.00326
0.00259375
0.0023025
0.003085
0.00404875
0.0030125
0.00256
0.00474625
0.00281875
0.00244625
0.003355
0.00317125
0.00347625
0.00267875
0.00294375
0.00301375
0.00306375
0.00309
0.00212375
0.00351125
0.00347875
0.00271625
0.0029925
0.00328875
0.00346375
0.00371
0.003815
0.00422375
0.00257875
0.0032525
0.0032525
0.003615
0.0031875
0.0029025
0.00202375
0.00364875
0.0029175
0.00351875
0.00368125
0.0042525
0.0030325
0.00395875
0.0028325
0.00326375
0.00262625
0.00413375
0.00331125
0.00364
0.0039
0.00335625
0.0035
0.00365125
0.00410375
0.00367875
0.00278875
0.00286125
0.00215125
0.00271125
0.00244
0.00287875
0.0038825
0.00326625
0.0026025
0.0035775
0.00306125
0.003515
0.00246
0.002745
0.003645
0.0019875
0.00248
0.00345375
0.00271
0.00363625
0.00365375
0.0038275
0.0044725
0.003785
0.0020875
0.00285625
0.00224625
0.0039375
0.00356125
0.0028
0.00312125
0.002935
0.0025025
0.0023475
0.003805
0.00343
0.00303
0.00297
0.00322875
0.002475
0.00301125
0.00256375
0.0036825
0.00377625
0.0032275
0.00312625
0.00376625
0.00334625
0.00306125
0.00415
0.0022225
0.00291
0.00333125
0.00414625
0.00289375
0.0043575
0.00368375
0.002305
0.00198375
0.00426
0.00323
0.00309375
0.0032575
0.00350375
0.0028325
0.0023425
0.0039425
0.002675
0.00306875
0.0032825
0.0028775
0.0027625
0.00342875
0.00399125
0.0032475
0.00360125
0.00262875
0.00306875
0.00218625
0.00399125
0.00273125
0.003305
0.00340375
0.00426375
0.00344375
0.00304375
0.00389875
0.00448125
0.00195375
0.00327375
0.00366625
0.00428875
0.00284375
0.0033475
0.00394375
0.0038725
0.00336125
0.00303875
0.0032425
0.00411375
0.003285
0.002985
0.00356125
0.0033725
0.0030075
0.00360375
0.00355875
0.00341875
0.0041975
0.00285875
0.00287625
0.003945
0.003765
0.003955
0.00345375
0.00317875
0.00318875
0.00279375
0.00356875
0.00347625
0.0030425
0.00502
0.00294375
0.0029825
0.00339375
0.00419875
0.00361875
0.00329375
0.00310625
0.0027625
0.0023775
0.00314
0.003645
0.00411125
0.00354625
0.00336625
0.00306
0.0032675
0.0036225
0.00370625
0.00370375
0.0029825
0.00172375
0.002535
0.00315
0.0037775
0.00320375
0.00244125
0.0030625
0.0032275
0.00357625
0.0032125
0.0023975
0.0038675
0.00288625
0.00342875
0.00342875
0.00343875
0.00352625
0.002085
0.00346
0.00377875
0.003735
0.003485
0.00301125
0.00389625
0.00304625
0.0031
0.00391875
0.00354375
0.00434875
0.0036
0.0035275
0.0040075
0.00367125
0.00210125
0.0035175
0.0031575
0.0035775
0.00373875
0.0030825
0.00321625
0.00365875
0.00285375
0.00275875
0.002795
0.00282875
0.00451
0.00345875
0.00327
0.00400375
0.002235
0.00266125
0.0029975
0.00389375
0.00422
0.00306375
0.00333375
0.0039475
0.0022375
0.0035275
0.003415
0.00315125
0.00357
0.00336375
0.00272375
0.0029775
0.00374875
0.00225125
0.00283375
0.00368875
0.0025175
0.00376375
0.00345625
0.00335625
0.00265875
0.00221625
0.00428375
0.0043125
0.00330875
0.0037925
0.00303
0.00372375
0.00307
0.00318875
0.00439875
0.002405
0.0033125
0.00271625
0.0034125
0.0024625
0.0031275
0.0037
0.003195
0.00314125
0.00386125
0.004125
0.00369125
0.00398375
0.0034775
0.002165
0.002655
0.0027825
0.00327125
0.00323125
0.003135
0.00376625
0.00272
0.00288
0.0032725
0.00258
0.0032125
0.00312875
0.00408125
0.0033175
0.00291625
0.00298375
0.003085
0.00263625
0.00275125
0.0029175
0.003625
0.00345
0.00337
0.00199125
0.00351125
0.00304875
0.003135
0.00404625
0.00400125
0.00483625
0.0029275
0.00339625
0.00281375
0.004645
0.00477
0.003375
0.00339625
0.00288875
0.003165
0.0032025
0.00287625
0.00260375
0.00348
0.00389875
0.00352125
0.00448375
0.00302
0.00445625
0.00259375
0.00351875
0.00341875
0.003915
0.0041775
0.0036475
0.0034725
0.002785
0.003365
0.0021875
0.00209875
0.00385125
0.00455625
0.0032175
0.00342
0.00291625
0.00282125
0.00362875
0.00365375
0.00268125
0.00236875
0.00331375
0.00450875
0.00425125
0.00279125
0.003265
0.0033975
0.00312625
0.0036
0.003865
0.00274375
0.0020725
0.00327875
0.0017325
0.0024425
0.00402125
0.0034075
0.00286
0.00330375
0.003235
0.00329625
0.003345
0.00268
0.00322
0.001645
0.00364875
0.0029975
0.00338875
0.00322
0.0021325
0.0031375
0.00301625
0.00242625
0.0034575
0.003155
0.00335125
0.004005
0.00265375
0.00378875
0.00348375
0.0037425
0.00335375
0.0034475
0.002425
0.00283
0.00313625
0.00262625
0.0029175
0.00262375
0.00331
0.00216375
0.00296125
0.003335
0.00354125
0.00372625
0.00410625
0.00227125
0.0026
0.00322125
0.00294875
0.00296375
0.004295
0.00271
0.0035825
0.0028375
0.0036825
0.00388875
0.00327125
0.00334
0.00251875
0.00357
0.00321875
0.00351
0.00322875
0.00420125
0.00268375
0.00359125
0.00379125
0.00266625
0.00315875
0.00364125
0.0030025
0.00256125
0.00403125
0.0029025
0.00478375
0.00375375
0.00318125
0.00290625
0.00351125
0.0028025
0.00333375
0.00301375
0.00304125
0.00302375
0.0021725
0.0039475
0.00313125
0.0030775
0.00347125
0.003055
0.00327375
0.00215
0.0031625
0.00373125
0.003495
0.00308125
0.00426375
0.0034925
0.0024825
0.00293375
0.00377625
0.003
0.00268875
0.00334375
0.0037125
0.0031525
0.0033675
0.00364875
0.00264625
0.00348875
0.00355875
0.00234875
0.00253625
0.0037825
0.0031175
0.00397875
0.00340875
0.002605
0.00393
0.0035775
0.00327875
0.0028425
0.00316375
0.00312125
0.00307375
0.003045
0.0031375
0.00300875
0.0029475
0.0026
0.00321
0.00294625
0.00279
0.00288125
0.0053975
0.0025525
0.00335
0.00373125
0.00373375
0.00266125
0.00276375
0.0036325
0.00346
0.00258
0.003115
0.00347125
0.0029825
0.00291125
0.00344625
0.002175
0.00313625
0.00315
0.00319875
0.00241375
0.00286
0.00206625
0.003745
0.0040025
0.0031
0.0028525
0.00316
0.00352125
0.004045
0.0031375
0.00309125
0.00309
0.00350375
0.00378625
0.003655
0.00175125
0.0030375
0.004145
0.003685
0.0035775
0.00279875
0.00304
0.00357375
0.00387875
0.00265625
0.00356125
0.00285125
0.0026575
0.00287
0.0033675
0.00395
0.00258125
0.003255
0.00332
0.00326625
0.0026525
0.0027725
0.00293625
0.0036525
0.00394375
0.0026975
0.00300125
0.0028375
0.00281625
0.00272125
0.00293375
0.0039275
0.00400125
0.0031125
0.00296875
0.0033525
0.00238
0.00325625
0.0024525
0.0032825
0.003355
0.00389875
0.00343875
0.0029825
0.00269375
0.0031375
0.00264375
0.00356875
0.00271
0.00363375
0.00256625
0.0031025
0.00309125
0.00283625
0.0028325
0.00352875
0.003905
0.00284875
0.003595
0.002635
0.00466
0.00284
0.00401125
0.00363375
0.00254125
0.00232875
0.00390125
0.0039925
0.00364
0.003515
0.002915
0.00301875
0.00262
0.0031375
0.0031325
0.00398375
0.00386125
0.00290375
0.00312125
0.0029675
0.00381625
0.0032525
0.003325
0.00342
0.00337375
0.00371875
0.0025625
0.00383875
0.0033125
0.0033125
0.002755
0.00371125
0.00339125
0.0028725
0.00345125
0.00313625
0.0019975
0.00343875
0.00477875
0.0037825
0.0025825
0.0028
0.0021275
0.0026825
0.0032725
0.00320125
0.002985
0.0029975
0.0031025
0.00275875
0.00344625
0.00310375
0.003735
0.0027925
0.002845
0.0039575
0.0033625
0.0038525
0.0023275
0.002555
0.00313625
0.0034275
0.00327375
0.0028325
0.00296125
0.004045
0.00269125
0.00311125
0.0030025
0.00311125
0.00353125
0.00267
0.00386875
0.0035375
0.00276
0.0042525
0.00217625
0.003095
0.00324875
0.003255
0.00349125
0.0033575
0.00297625
0.0030825
0.00259125
0.00414625
0.00239375
0.0037625
0.00312
0.00242875
0.00227
0.00377375
0.0037475
0.003685
0.00332
0.0036825
0.00382375
0.0033575
0.003105
0.0034025
0.00271875
0.0026425
0.00298875
0.00323875
0.0032625
0.00310875
0.00176875
0.00282875
0.0030475
0.0042075
0.00385125
0.00295
0.00275
0.00337125
0.00314
0.00332375
0.0024375
0.00295375
0.00355375
0.00295375
0.00357875
0.003895
0.0029675
0.0023775
0.00318375
0.003425
0.00265375
0.0028825
0.00258625
0.0040725
0.00373125
0.00379
0.0033175
0.00240125
0.0025875
0.00313875
0.00426625
0.003635
0.0036825
0.00389125
0.003405
0.00334125
0.00319
0.0029075
0.00340875
0.00302625
0.00299625
0.00426875
0.00373625
0.0034725
0.00306125
0.00251875
0.00319375
0.00334375
0.0033925
0.00347375
0.004025
0.0030875
0.002925
0.00284625
0.003145
0.003135
0.00325375
0.00252875
0.00259875
0.00203875
0.00341125
0.00335125
0.00269375
0.00383875
0.00377
0.0022625
0.0028975
0.00299875
0.002925
0.00269
0.003095
0.0032675
0.00395125
0.00416625
0.00292375
0.0031925
0.0029175
0.0031375
0.00326125
0.00440875
0.00344375
0.00356
0.00344625
0.00330375
0.002865
0.0028675
0.00289875
0.00366875
0.004325
0.00383
0.003405
0.00268625
0.0024725
0.00337625
0.0042075
0.0033275
0.00303
0.00266
0.00273625
0.00408625
0.00312875
0.0031175
0.00397875
0.0029725
0.00382375
0.00359
0.00260125
0.0037075
0.00335875
0.00343
0.0026775
0.0022925
0.00368125
0.00358
0.00366625
0.0026375
0.00306
0.00373
0.0025675
0.0029975
0.003165
0.00318875
0.00406
0.00421125
0.00333125
0.00299
0.0026075
0.00293125
0.00376875
0.00229125
0.00297
0.00296125
0.00250375
0.00345875
0.002455
0.00285375
0.00294375
0.0033725
0.0026775
0.003255
0.00299
0.00425375
0.00257625
0.00324875
0.0021675
0.0035525
0.0037825
0.003925
0.0031075
0.00339
0.00343625
0.00249625
0.00329375
0.00262875
0.00425125
0.00396
0.00367125
0.00367375
0.00310875
0.0029975
0.003185
0.00311125
0.003705
0.00427625
0.0036675
0.00358625
0.00420125
0.00325
0.00369125
0.00292125
0.00313125
0.00425
0.0029375
0.0028725
0.00272375
0.002645
0.0040825
0.00393875
0.00348875
0.002685
0.00381875
0.00398
0.00301875
0.00285625
0.00248375
0.00287625
0.00335
0.0020575
0.00433875
0.00310125
0.0033225
0.00364125
0.0025575
0.00321875
0.0029075
0.00375625
0.0037075
0.00265875
0.003815
0.0026775
0.0034775
0.0032575
0.00366375
0.00291125
0.003055
0.0021575
0.00274875
0.00306125
0.003915
0.00330125
0.00421125
0.00218125
0.00292125
0.0039725
0.00358
0.00394375
0.0030225
0.002765
0.00281875
0.00288875
0.0038825
0.00441
0.00294625
0.003125
0.0026775
0.0034575
0.0029125
0.00275125
0.00258
0.00267375
0.0032775
0.00250375
0.00323375
0.0048
0.00357125
0.0038325
0.00313125
0.00325625
0.00344375
0.0034625
0.00343625
0.00297875
0.00258125
0.00236375
0.00358875
0.00341625
0.00224875
0.003825
0.003265
0.00306
0.00307125
0.0037725
0.0053125
0.003205
0.00265125
0.0040775
0.003715
0.00244875
0.00319625
0.002345
0.0027975
0.00400375
0.00211875
0.0028075
0.00330625
0.004465
0.00326625
0.00312
0.00367875
0.003345
0.00337625
0.003965
0.00230625
0.004235
0.00356
0.003575
0.0033825
0.00257125
0.0025875
0.00346375
0.003765
0.00270375
0.00363
0.002425
0.0024425
0.0030525
0.0035575
0.0032475
0.002225
0.00381
0.002865
0.0037475
0.00205125
0.0034675
0.003495
0.0030475
0.00419
0.00280625
0.00302625
0.00290875
0.00371875
0.003635
0.002385
0.003965
0.0039525
0.0026125
0.00284625
0.00277625
0.00390875
0.00216625
0.003195
0.0032275
0.00322125
0.00270375
0.00349375
0.00302625
0.002575
0.00337125
0.003895
0.00433875
0.00298625
0.00305125
0.003285
0.00346375
0.00338625
0.00321375
0.00293625
0.00286
0.00375625
0.0038425
0.0037875
0.00357
0.0030775
0.00361375
0.00410625
0.00382125
0.00244
0.00379625
0.0035
0.004415
0.00402
0.00360875
0.0030875
0.00327875
0.0029575
0.00368875
0.00398875
0.0045525
0.0050925
0.00267375
0.004355
0.00249
0.002355
0.00353625
0.00319875
0.00346625
0.00248125
0.0034125
0.0033425
0.0032725
0.00286125
0.003835
0.004215
0.00279125
0.0038775
0.00343
0.00341125
0.003785
0.0035175
0.003975
0.00393
0.0026675
0.00408375
0.00309375
0.00358
0.00282875
0.00278
0.00259625
0.0036575
0.0027625
0.00391125
0.00398875
0.00280875
0.002945
0.00358625
0.00416125
0.00225
0.0026125
0.0028125
0.0033225
0.004575
0.00350125
0.00249875
0.00283
0.00378875
0.00365625
0.0027025
0.00417875
0.003755
0.00214625
0.00347375
0.00297125
0.00257
0.00306
0.00171375
0.00341375
0.0040925
0.00377
0.0027725
0.00359625
0.0030375
0.00301
0.00255
0.00360875
0.00318125
0.00420625
0.00338875
0.00273875
0.00327625
0.00342125
0.00334375
0.0041275
0.00291375
0.00239
0.00247875
0.00335625
0.00323625
0.00319125
0.0028275
0.00359
0.0029875
0.00334875
0.00336125
0.0036975
0.00452
0.00432875
0.00330625
0.002835
0.0040475
0.0033675
0.00302625
0.00439125
0.0040675
0.00372125
0.003655
0.0031825
0.00286125
0.00329375
0.00213875
0.0034175
0.00372625
0.003165
0.003325
0.00306
0.00407625
0.00338625
0.00284625
0.003595
0.00313375
0.002425
0.00307875
0.00294
0.00398625
0.00297375
0.00336625
0.00325375
0.0030525
0.00382
0.00278875
0.00392
0.00254
0.002705
0.00278875
0.00277
0.00348
0.00265125
0.00310625
0.00453125
0.00374375
0.0035325
0.00386
0.00411
0.0025175
0.00280375
0.00262
0.00270625
0.00343875
0.00361125
0.00268
0.00351875
0.0031825
0.00262625
0.0029475
0.002935
0.00246875
0.003705
0.00267625
0.00290875
0.00263
0.00373
0.00366875
0.0031325
0.0033925
0.0037275
0.00297625
0.0027
0.00386125
0.00381125
0.00271625
0.00320375
0.0040825
0.00303625
0.00385875
0.00243875
0.003335
0.00343625
0.00319
0.003575
0.00330625
0.00379
0.003295
0.0043025
0.00323
0.00372875
0.00397125
0.00321375
0.002735
0.003795
0.00258625
0.00485
0.00369
0.00289375
0.00273125
0.00180625
0.00234375
0.00373625
0.003625
0.003205
0.00314375
0.00264
0.00321625
0.002605
0.00271125
0.00313875
0.0035775
0.00317375
0.002755
0.00271
0.00269125
0.00385625
0.00385625
0.0034275
0.0034025
0.00248125
0.00292875
0.00357125
0.0047575
0.0029675
0.00320375
0.00263
0.004065
0.00270375
0.00355375
0.0039175
0.002965
0.00276125
0.00384625
0.00336125
0.00337125
0.00362875
0.00417
0.00258
0.00360625
0.00414
0.00361125
0.00318875
0.003875
0.00374625
0.00264625
0.0031275
0.00293375
0.00297
0.00295
0.00359625
0.003125
0.00275125
0.0029925
0.0028225
0.003395
0.00270125
0.0034425
0.00367625
0.0037275
0.00299
0.00272625
0.00212625
0.0040675
0.003875
0.0042125
0.0025325
0.0026425
0.0024175
0.00367625
0.0032
0.00266875
0.0024725
0.00246875
0.0031025
0.00315625
0.00355
0.0026
0.0031675
0.00333625
0.00295125
0.0033325
0.00238125
0.00364125
0.00245875
0.00369375
0.00214625
0.0031575
0.00370125
0.00193125
0.0032175
0.00282875
0.003065
0.0034175
0.00261
0.003495
0.00316875
0.0023975
0.00345875
0.003005
0.0031175
0.004515
0.00346625
0.00307375
0.00411125
0.00413875
0.0037725
0.00289375
0.002985
0.0042875
0.003635
0.00321125
0.0037175
0.00299
0.00386125
0.00336875
0.00292375
0.00219625
0.00290875
0.0026775
0.0037575
0.00346
0.00315125
0.003295
0.00356
0.00311
0.00355375
0.0029525
0.0034675
0.0037675
0.002335
0.002935
0.00282375
0.00456375
0.00473125
0.00350375
0.00391625
0.00277375
0.00345375
0.00280125
0.00394375
0.002285
0.0030375
0.0040975
0.0029025
0.003425
0.003715
0.0032125
0.00266875
0.00235625
0.00345875
0.0039475
0.00302375
0.0025175
0.0031525
0.0022075
0.00254
0.00355375
0.0030225
0.0029875
0.0033575
0.0034975
0.0031475
0.00301
0.00325375
0.0035375
0.00361
0.0035925
0.00317375
0.00297125
0.00377875
0.00385625
0.00287
0.0035675
0.002475
0.0034325
0.00335125
0.00439125
0.00264625
0.0036225
0.00317125
0.0027875
0.002295
0.003935
0.0026475
0.00313375
0.00234875
0.0022925
0.0040375
0.002795
0.00327875
0.00331
0.00331
0.00291375
0.00396875
0.00376375
0.00333375
0.003725
0.00256125
0.0026475
0.004685
0.002755
0.002225
0.0035875
0.002885
0.00313625
0.00372875
0.003985
0.00320875
0.0035375
0.0040375
0.003475
0.00325125
0.00359875
0.00355375
0.00363875
0.003485
0.003495
0.003225
0.00315125
0.0029225
0.003665
0.00409125
0.00304375
0.00383375
0.00356875
0.0024475
0.00274125
0.0029625
0.00305
0.0029
0.002385
0.00319
0.003495
0.00343625
0.002945
0.00328875
0.00324375
0.0036625
0.0032425
0.00238625
0.003965
0.00274875
0.00287875
0.00295
0.0034375
0.00305
0.0039875
0.00372
0.00178
0.00380625
0.00313
0.00325875
0.00316625
0.00361125
0.003235
0.00384125
0.00383375
0.0029925
0.0021975
0.00292
0.004135
0.00312375
0.00201875
0.00294375
0.00229
0.0031
0.00342625
0.00294
0.00304875
0.0034475
0.00344
0.003565
0.0031125
0.0033375
0.002925
0.002315
0.0024775
0.0024225
0.00323625
0.00390625
0.00329
0.0030875
0.00375
0.00319375
0.002535
0.0035125
0.00364
0.0033375
0.00408375
0.0033025
0.0040475
0.0040075
0.0033425
0.00369875
0.00317125
0.00285125
0.00322375
0.00221375
0.00334
0.00209125
0.0028225
0.003675
0.00280625
0.00442875
0.003295
0.00287625
0.00314125
0.00342375
0.00393125
0.00337625
0.00358375
0.001435
0.00378375
0.00271
0.00394875
0.0029475
0.0043425
0.002545
0.00408875
0.00399875
0.00416875
0.00369125
0.0035425
0.00286375
0.00379625
0.00328125
0.0034
0.00356625
0.004395
0.00290125
0.00157875
0.00284375
0.00321625
0.0029575
0.00333875
0.00342
0.003655
0.00306875
0.00333625
0.0026825
0.00304375
0.00362625
0.00304375
0.00310875
0.00437125
0.00246
0.002675
0.0026
0.0026125
0.003975
0.0047875
0.00379375
0.0026225
0.00412125
0.00404875
0.00307625
0.003225
0.00322125
0.00257875
0.0024425
0.002665
0.0033675
0.0038625
0.0033525
0.002635
0.00390625
0.0035275
0.00314875
0.00226625
0.00227875
0.0028325
0.00307625
0.0020025
0.00291875
0.00250875
0.00364875
0.00303625
0.00390125
0.00409375
0.00382375
0.00343125
0.0032575
0.00268
0.0033875
0.00357125
0.00326625
0.002645
0.00301
0.00323375
0.00371
0.0033975
0.00311875
0.00293375
0.0031675
0.0038375
0.00362625
0.003555
0.0026875
0.00333875
0.00234875
0.00295875
0.0020425
0.00318
0.00332
0.00273125
0.00309625
0.0016125
0.0035425
0.00364
0.003045
0.00390625
0.00325125
0.003785
0.0034225
0.0036425
0.00388625
0.00376875
0.00347625
0.00383875
0.00264625
0.0024
0.00307625
0.0025825
0.003525
0.00391
0.00248
0.0035475
0.004015
0.00276125
0.00358625
0.00301875
0.00397875
0.00399875
0.00349125
0.00373
0.0030525
0.00332875
0.00224875
0.00378375
0.00321125
0.0027875
0.00347125
0.0045375
0.0033325
0.0031725
0.00285125
0.0023025
0.003595
0.0034775
0.004155
0.00331625
0.00274375
0.00316375
0.00236
0.0032775
0.00416375
0.003505
0.00280125
0.00404125
0.00426875
0.00316875
0.00329625
0.003375
0.0029225
0.0033725
0.00185625
0.00291
0.0030625
0.0043475
0.00289
0.00284125
0.0026925
0.0029025
0.00229375
0.00332125
0.00303875
0.00271125
0.00392375
0.0028075
0.00293375
0.00267875
0.00279125
0.00253375
0.002935
0.0030625
0.00336
0.0034225
0.00342875
0.0039275
0.00339375
0.00297375
0.0028725
0.00298375
0.00323
0.00239125
0.00207
0.003755
0.0037
0.0030725
0.00374875
0.00341625
0.00285875
0.00361125
0.0040525
0.00395875
0.00266
0.00298
0.00292375
0.0035775
0.00293125
0.0027325
0.00353875
0.00291625
0.00394375
0.003105
0.00284875
0.00287375
0.00270375
0.00319875
0.00251
0.002915
0.00343
0.00338375
0.00277875
0.0039925
0.0033475
0.00352875
0.00368
0.00323625
0.0042575
0.0026
0.00242125
0.00328875
0.00352375
0.00347375
0.002495
0.00349625
0.00288875
0.00318625
0.002395
0.00336625
0.00384625
0.00293625
0.00349875
0.00309875
0.00174375
0.00283625
0.00302125
0.0027525
0.002985
0.00310125
0.00233625
0.00195375
0.002475
0.0030525
0.00269875
0.00232875
0.00351875
0.00294625
0.00235
0.0036875
0.003315
0.00349125
0.00401375
0.00317
0.00392
0.0026675
0.00340125
0.00324125
0.00401875
0.00327
0.00343125
0.00337625
0.00395625
0.00283375
0.00284375
0.00395125
0.0036825
0.002785
0.003355
0.0027725
0.0024475
0.00290375
0.003475
0.00256125
0.00274
0.00305
0.00308125
0.00327125
0.00334375
0.0026625
0.00348875
0.0024825
0.003725
0.00339
0.00366
0.00345875
0.00365
0.00286125
0.002595
0.0030525
0.00348125
0.00423625
0.0030775
0.003135
0.00284125
0.003405
0.00353
0.00288375
0.0026975
0.0022475
0.0026225
0.00317125
0.00279
0.00357625
0.0044275
0.00356375
0.00351
0.00279875
0.0030025
0.00292125
0.00341125
0.0032425
0.00198
0.00291125
0.0025975
0.0039775
0.00288625
0.0030775
0.0037325
0.0019925
0.0024975
0.00294875
0.0024875
0.00282875
0.00275125
0.00291
0.00418375
0.002755
0.00315
0.00306125
0.00363375
0.0031
0.00414875
0.00300875
0.00300125
0.004125
0.00292125
0.003075
0.00316625
0.00241875
0.003675
0.00279625
0.00244375
0.00283125
0.00282375
0.00353875
0.002765
0.0033075
0.00334
0.0025675
0.00316625
0.0023275
0.0007425
0.00478625
0.00331
0.00329
0.00340375
0.003385
0.00363625
0.002965
0.0039475
0.0033675
0.00390125
0.00350625
0.00368375
0.00327125
0.002095
0.0041525
0.003535
0.00362625
0.0042825
0.00381375
0.0031775
0.00300375
0.00391375
0.00251
0.003595
0.00230375
0.00345625
0.0024925
0.00335625
0.00286
0.0031025
0.0024775
0.00244125
0.0029025
0.00152625
0.003475
0.003035
0.00330875
0.004015
0.00327875
0.00379375
0.002855
0.00308625
0.00332625
0.004605
0.00303375
0.00226
0.00355
0.0032325
0.00345
0.00311
0.00176375
0.00312875
0.00243375
0.002565
0.00324875
0.00294
0.00287875
0.0024975
0.003375
0.00295875
0.00363
0.003145
0.00255
0.0028
0.003545
0.0026375
0.00278
0.00315
0.00326625
0.0032825
0.00300875
0.0028425
0.00374375
0.00313625
0.00302375
0.00307125
0.00306375
0.00335125
0.0027225
0.002845
0.00304875
0.0031
0.00369875
0.00288375
0.00287125
0.00351
0.0040175
0.0032425
0.004095
0.0031525
0.0026975
0.00305125
0.00324125
0.00335625
0.0035925
0.00392625
0.00300375
0.00344125
0.00343125
0.00315125
0.00321375
0.00381125
0.00379875
0.00324625
0.00263
0.0029125
0.00254625
0.003545
0.00328125
0.00290875
0.003755
0.0026875
0.003645
0.004325
0.00328
0.004235
0.00292625
0.00398875
0.00228875
0.0036
0.00333625
0.00333375
0.00241875
0.004345
0.002955
0.00295875
0.002765
0.00343125
0.00249375
0.00403125
0.0029825
0.0038425
0.0028625
0.0024925
0.00299875
0.00279125
0.002665
0.00299625
0.0035175
0.00305125
0.00324875
0.00328125
0.0037925
0.00276875
0.00376375
0.0035275
0.00278375
0.00291
0.00323
0.00413375
0.00303
0.003715
0.00328375
0.00295375
0.0032575
0.00280875
0.00414
0.003155
0.00318
0.00285375
0.0034225
0.00362875
0.0030375
0.00397625
0.00274125
0.003365
0.00304125
0.00345875
0.0033575
0.00309375
0.0038975
0.002055
0.0031025
0.0024875
0.002775
0.00290625
0.00306125
0.00295375
0.00354125
0.00335
0.004055
0.00324
0.003595
0.00247625
0.00247375
0.0032225
0.0029325
0.0033925
0.0036575
0.00412125
0.0034125
0.00369375
0.00278625
0.00431875
0.00409625
0.0034925
0.0022475
0.00460625
0.0038075
0.00329
0.00235625
0.00292375
0.00361
0.00286625
0.00379375
0.00336125
0.00228
0.00342625
0.00338875
0.00246
0.00288
0.0033125
0.0036525
0.00307875
0.002775
0.00388375
0.00346875
0.00281
0.0032575
0.0032975
0.0038975
0.00326375
0.0029225
0.00293125
0.004015
0.00329
0.00388375
0.00262125
0.00287125
0.0034775
0.00306375
0.0035875
0.003635
0.00420125
0.00368
0.00212375
0.00251
0.00370125
0.004265
0.00308375
0.00331875
0.0029675
0.00349625
0.00308375
0.0023875
0.0027
0.00306625
0.00315875
0.0025875
0.0032275
0.00294625
0.00375625
0.002825
0.0038125
0.00256375
0.0030925
0.00330875
0.00340125
0.0035775
0.00294125
0.0027125
0.00299625
0.00322875
0.0038475
0.0034975
0.00272875
0.00378375
0.0037525
0.00361375
0.00399
0.0023125
0.00367625
0.00428375
0.00384875
0.0035925
0.003585
0.002185
0.00352125
0.00352625
0.00343125
0.00348
0.0028725
0.00229125
0.00296
0.00242875
0.00361125
0.002735
0.00298625
0.00332875
0.00324375
0.00270625
0.0029625
0.00311
0.00308125
0.00232875
0.00280125
0.00366
0.0033475
0.00273
0.0032575
0.00273625
0.00304875
0.00309
0.003135
0.003025
0.00318875
0.0041075
0.0037875
0.00406
0.002705
0.003675
0.0038775
0.00377125
0.00273875
0.00323375
0.0030775
0.00342375
0.003555
0.00409875
0.00398875
0.003095
0.0027725
0.003095
0.003375
0.00315625
0.003785
0.00289125
0.00302
0.0032675
0.00317125
0.00260125
0.003135
0.00285375
0.003515
0.00287125
0.00295875
0.00332875
0.0035325
0.0029475
0.00277125
0.00269375
0.00285875
0.00384
0.00391
0.00273375
0.003735
0.0030825
0.00321875
0.003495
0.002455
0.00334375
0.00355875
0.00321625
0.00184125
0.00310125
0.00365625
0.00307875
0.00308125
0.0032175
0.00195375
0.00267875
0.0043775
0.0025275
0.0026725
0.003015
0.00397875
0.0043825
0.00319125
0.00335
0.0030625
0.0035325
0.00341875
0.0027825
0.0035975
0.0041575
0.00336875
0.00446125
0.0026925
0.00198
0.004675
0.00372125
0.00381375
0.003815
0.0037025
0.00315
0.0042675
0.00328375
0.002745
0.00399
0.00321
0.0034825
0.004305
0.00331875
0.00211375
0.00284625
0.00273625
0.00307375
0.002975
0.00295875
0.0030625
0.004055
0.00406125
0.00351375
0.00371875
0.00322875
0.0031775
0.0038525
0.0038525
0.00326375
0.0036175
0.00254625
0.00350125
0.00379125
0.003475
0.00417375
0.00246125
0.00404
0.00415125
0.00309
0.002955
0.00434375
0.0036725
0.003095
0.00364375
0.00307
0.00415875
0.00296625
0.0030625
0.00350375
0.004445
0.003275
0.00319125
0.0035325
0.0030225
0.00252
0.004115
0.00291875
0.002285
0.0016125
0.00291875
0.00390875
0.003445
0.003125
0.002375
0.00374625
0.003065
0.00265375
0.003705
0.0028025
0.0035925
0.00246125
0.00305875
0.00303875
0.003145
0.00383125
0.00302625
0.00255
0.00239375
0.00306125
0.0038975
0.00259
0.0027825
0.00419125
0.00292375
0.00284875
0.00258
0.0025025
0.0023975
0.00347
0.00288625
0.00276875
0.0028
0.00274625
0.0026875
0.00204375
0.00297
0.00304625
0.00295625
0.00257125
0.0020475
0.0043925
0.0042475
0.00386875
0.00356125
0.0033
0.00400875
0.0038975
0.0024875
0.00328625
0.00422
0.0035775
0.00446
0.0041475
0.0027225
0.00404125
0.0025425
0.00414875
0.00312625
0.00294
0.00383
0.004385
0.00351875
0.00432875
0.00371125
0.0031925
0.0032
0.002785
0.00294
0.00274375
0.00351
0.003365
0.0032075
0.0033075
0.00372125
0.00387
0.00356
0.0022625
0.00300375
0.0025075
0.0027125
0.0024625
0.003425
0.00245125
0.0029275
0.00257875
0.00402625
0.00322375
0.002785
0.002175
0.00355875
0.00327625
0.004
0.00336625
0.00302
0.0036175
0.003585
0.00335125
0.00291875
0.00343
0.00319625
0.00487625
0.00371375
0.00348125
0.0039075
0.00489375
0.002835
0.002635
0.002685
0.00418375
0.00323625
0.0022
0.0031025
0.00308125
0.00368625
0.0031325
0.0027225
0.00353625
0.0038925
0.00232
0.0035375
0.0028
0.0024175
0.00318125
0.00344
0.00347625
0.00332375
0.00268125
0.00275375
0.00394375
0.00308
0.00310625
0.003975
0.0034225
0.00207
0.00384625
0.00273625
0.0025125
0.00363125
0.00346125
0.0025925
0.004165
0.00335125
0.00265875
0.0026225
0.00278625
0.00375125
0.00296125
0.003225
0.00335625
0.00305125
0.0027475
0.0028425
0.0030425
0.00428625
0.00353
0.0031
0.003355
0.00148375
0.0038975
0.00356625
0.00282375
0.00255125
0.00329625
0.0042125
0.0036625
0.0036925
0.0024075
0.0027475
0.003795
0.0028675
0.0030975
0.00304
0.00415125
0.00362375
0.002945
0.0035925
0.00243625
0.00316875
0.0029325
0.00261125
0.00378625
0.00268375
0.00364375
0.0026625
0.0032225
0.00423875
0.0032775
0.00345375
0.0029875
0.00402125
0.00288375
0.003975
0.00219375
0.0023875
0.00365875
0.00256625
0.00282875
0.0032525
0.00282625
0.00361875
0.0033875
0.00319875
0.002155
0.00343
0.00283625
0.00337875
0.0036575
0.00262625
0.00288875
0.0037375
0.0035725
0.00262125
0.00336375
0.00339125
0.0035625
0.00319125
0.003555
0.00380625
0.0031775
0.002795
0.0031825
0.00297
0.00470375
0.0022775
0.00446625
0.00417125
0.00305
0.00271875
0.00337375
0.00300875
0.0033325
0.0031375
0.00324875
0.00333125
0.002375
0.00302
0.00332125
0.00286375
0.00390375
0.00294875
0.00181
0.00359
0.0030075
0.00298
0.0031925
0.00302875
0.0032125
0.00333
0.00349875
0.002495
0.0036125
0.00449875
0.0035625
0.00314625
0.0037175
0.00298125
0.00265125
0.004255
0.00253375
0.002675
0.00257875
0.003205
0.00278625
0.004155
0.003025
0.0034275
0.004005
0.0030925
0.00215125
0.00274875
0.00350625
0.00307375
0.00424375
0.0038875
0.0025
0.0032325
0.00283875
0.0040325
0.00318
0.0020575
0.00328125
0.00340375
0.00248
0.00244625
0.00264875
0.00390625
0.00335
0.00372875
0.00314375
0.00333125
0.004025
0.00396625
0.0034525
0.00291625
0.00243625
0.00267875
0.00347
0.0026575
0.0031625
0.00324625
0.00383375
0.0034475
0.00381875
0.0028125
0.00238125
0.0019775
0.00388125
0.003145
0.0033075
0.00288375
0.00330625
0.00434
0.00345625
0.00246875
0.0038225
0.0035275
0.00250875
0.00272625
0.00301375
0.00391375
0.00261
0.002965
0.00268875
0.002855
0.00345125
0.003215
0.0042225
0.00384
0.0042725
0.00365875
0.00255125
0.00393125
0.0038275
0.0030975
0.003045
0.0032525
0.00389125
0.0025925
0.0038225
0.0031175
0.0025775
0.00322
0.00329625
0.00318
0.00335125
0.00279375
0.00257
0.00384375
0.00261875
0.00357875
0.003735
0.004385
0.00326375
0.002615
0.0033175
0.003895
0.00246375
0.00409375
0.003475
0.00331875
0.00392125
0.00271375
0.0027475
0.00324375
0.0035775
0.00366125
0.00331125
0.0038425
0.00284375
0.00363375
0.00283125
0.00312875
0.00212875
0.00304875
0.002875
0.00261
0.00341875
0.00333125
0.00408625
0.00201875
0.0035275
0.00312
0.00287625
0.0040625
0.00290125
0.003235
0.00374625
0.00212625
0.00283125
0.00332375
0.003375
0.00313375
0.00305875
0.003165
0.0035925
0.0035175
0.00367875
0.003585
0.00397875
0.00286125
0.00311875
0.00280125
0.003825
0.0031725
0.0028475
0.00374
0.002905
0.00337875
0.00288125
0.0031775
0.002965
0.0034875
0.00361875
0.003875
0.0030475
0.00420875
0.00312875
0.00388875
0.002295
0.002345
0.00302375
0.00394375
0.00359375
0.00439125
0.0029875
0.0030325
0.00356875
0.0036125
0.00334375
0.00373875
0.00222875
0.00349625
0.0024325
0.0029775
0.00420125
0.00345875
0.00334625
0.00335875
0.003105
0.00292
0.0030325
0.0040925
0.00306875
0.00274375
0.0026275
0.00268875
0.0029225
0.0023875
0.00328375
0.00318875
0.00431125
0.00327
0.0033575
0.002975
0.00304875
0.00323125
0.0023875
0.00287375
0.00358125
0.00353875
0.002945
0.003755
0.002395
0.002785
0.003425
0.003155
0.00342125
0.00275625
0.0031375
0.0029275
0.003945
0.00297375
0.00308875
0.002945
0.00373875
0.0030725
0.00331125
0.0031775
0.0042675
0.00286125
0.00308625
0.0029425
0.00262375
0.0029375
0.004095
0.0034275
0.0018625
0.002865
0.0025875
0.003405
0.002925
0.00268
0.0035475
0.0035425
0.00455
0.00368875
0.00364125
0.0025
0.00383
0.003505
0.00275
0.0040325
0.00258625
0.003015
0.002305
0.0037
0.00396
0.003135
0.00308
0.00377625
0.0027
0.003045
0.00356
0.00305875
0.00305125
0.00293875
0.00354
0.00398
0.0029725
0.00218625
0.00239
0.00344
0.00331
0.00368
0.00294
0.00345375
0.002935
0.00253625
0.00297125
0.0035075
0.00302625
0.00269875
0.00292625
0.00327625
0.00361625
0.0030725
0.002435
0.00247125
0.00308625
0.00296
0.0029575
0.00336625
0.0035
0.00304625
0.00229875
0.00369
0.001845
0.00296125
0.00292125
0.0027275
0.00309375
0.0022425
0.00286375
0.00365375
0.00230875
0.0030475
0.0027525
0.00305
0.0037025
0.0037775
0.00275375
0.0036475
0.00361875
0.003105
0.00411125
0.00294125
0.00386625
0.00311375
0.0028275
0.0039
0.00262375
0.00347625
0.00373125
0.00379125
0.00416375
0.00326375
0.0031425
0.00348375
0.00281
0.00284625
0.00338375
0.00406875
0.004575
0.00372125
0.00297
0.00373375
0.00324625
0.00295625
0.0023525
0.00319125
0.0037
0.00321375
0.0033325
0.0034725
0.00281125
0.00288125
0.00316625
0.00337875
0.0036525
0.0033425
0.00328375
0.00226875
0.00318875
0.00317375
0.00319375
0.00340625
0.00378875
0.003085
0.0026875
0.00325375
0.0017325
0.0030325
0.00297625
0.0036075
0.00220625
0.0035225
0.00252
0.0029825
0.003945
0.003445
0.003915
0.003155
0.003465
0.0025525
0.003265
0.00349375
0.00298
0.00222
0.00301375
0.003875
0.00334875
0.00377
0.00349
0.00313
0.00261
0.00356375
0.00230875
0.0032525
0.00266375
0.00279375
0.0031025
0.00325375
0.0030675
0.00310875
0.00368375
0.00278125
0.00259875
0.003125
0.003825
0.00390125
0.002765
0.00285125
0.00324375
0.00371625
0.0032575
0.00310875
0.00332875
0.0024175
0.0020575
0.0031775
0.00291
0.00281875
0.00346875
0.00402375
0.00388
0.00337375
0.002565
0.00371875
0.0032875
0.0038075
0.00248
0.00240125
0.00368
0.00293125
0.00285875
0.00245125
0.00296625
0.00228625
0.00351
0.00287375
0.00283375
0.0036775
0.00395875
0.0036875
0.0036475
0.00304
0.00341375
0.0024925
0.00411125
0.00231
0.00278875
0.00212625
0.0027625
0.00286875
0.00311625
0.00365875
0.001915
0.00249125
0.00278125
0.00345125
0.00373125
0.00304
0.003215
0.0028925
0.00262
0.0034
0.00341375
0.00345125
0.00276625
0.0028025
0.00304125
0.0032375
0.00317375
0.00416875
0.0031
0.0023025
0.00250125
0.003855
0.00285
0.00303625
0.00335125
0.002705
0.00331125
0.00326
0.00325125
0.00311875
0.00288
0.00313375
0.00339125
0.00426625
0.00404125
0.00341125
0.00319625
0.0037825
0.0028175
0.00286875
0.0022425
0.0030175
0.00256
0.00323125
0.00332
0.0038
0.003795
0.00345875
0.00351625
0.00356
0.00285875
0.00328875
0.00259125
0.00492
0.00335625
0.00317875
0.00389125
0.00343375
0.00237125
0.0032325
0.0029075
0.003235
0.00333375
0.00413375
0.0035725
0.0028925
0.00304125
0.00347875
0.0036275
0.002995
0.00367875
0.00338625
0.0030175
0.00271375
0.002915
0.00437875
0.00303
0.00384375
0.00406125
0.00304125
0.003105
0.00369125
0.0039275
0.00355
0.002575
0.00182
0.0037125
0.00325125
0.00394875
0.004275
0.00351625
0.00324
0.0034725
0.002855
0.00416875
0.00293
0.00349625
0.00282875
0.0035525
0.00382375
0.00325375
0.0035275
0.00325375
0.00375625
0.003635
0.00364125
0.00326625
0.0032025
0.00253875
0.00273375
0.00246375
0.003305
0.00247375
0.00294875
0.0034775
0.00333125
0.00293
0.0033775
0.00316375
0.003585
0.0031825
0.003265
0.00334375
0.0028925
0.00371875
0.00356375
0.00226
0.00346625
0.0027625
0.00328
0.0034775
0.002165
0.004435
0.00286125
0.0032
0.00275
