0.0021475
0.00351125
0.00338125
0.00351625
0.003455
0.00277875
0.00331
0.0028925
0.00341625
0.003265
0.00413625
0.00459
0.0024175
0.00307375
0.00377
0.00316375
0.0026325
0.00267875
0.0044175
0.00285875
0.00415625
0.00455375
0.00264
0.00297625
0.0029425
0.00329375
0.00313125
0.00447125
0.00371125
0.00361625
0.002335
0.0025325
0.0035025
0.0034875
0.00275375
0.003375
0.00255125
0.0037275
0.00308625
0.00312375
0.00394125
0.00424625
0.00266875
0.00320375
0.00299625
0.002595
0.00276875
0.00371
0.0036225
0.00395375
0.00306125
0.00371375
0.0032825
0.00297
0.00351625
0.00312625
0.00260625
0.0034875
0.00366625
0.00195625
0.00448
0.0040075
0.0033775
0.00333625
0.0028925
0.00188625
0.00392
0.0031025
0.002525
0.00273375
0.0033125
0.0036025
0.002695
0.00325375
0.00303875
0.00252875
0.00324375
0.0026575
0.003265
0.00281125
0.002555
0.00330625
0.00288875
0.0029925
0.00248625
0.00393875
0.0034725
0.0032125
0.00321125
0.0034925
0.001895
0.00266875
0.00280125
0.002225
0.00359125
0.00286625
0.0029625
0.00318
0.00177375
0.00274625
0.00146625
0.0030775
0.0031875
0.00402
0.00471
0.0028875
0.0028175
0.003985
0.00355375
0.00209375
0.0034625
0.00408625
0.003485
0.00382375
0.00259
0.0026425
0.003495
0.00303625
0.00342
0.0039225
0.0043125
0.003495
0.00275125
0.0032225
0.00371875
0.0039175
0.0029725
0.00352
0.00359375
0.00448875
0.00358
0.0043625
0.0041375
0.00317875
0.00400875
0.003105
0.002975
0.0033525
0.00412625
0.00334625
0.00335875
0.00255375
0.003145
0.00334
0.00313125
0.00309125
0.00276
0.003345
0.00278375
0.00407375
0.0028175
0.00421875
0.0029975
0.00417375
0.00326625
0.00325375
0.00292625
0.00510875
0.00337125
0.00300375
0.0028625
0.00257125
0.00339125
0.0034
0.00374125
0.0031025
0.00320875
0.0026275
0.00318875
0.0037325
0.00242125
0.002045
0.00340375
0.0032475
0.00408625
0.003095
0.00204
0.00258875
0.0036975
0.0028775
0.00322625
0.00370125
0.00337875
0.0027
0.00264375
0.0034275
0.0022525
0.002745
0.00269375
0.00315375
0.00354
0.00446875
0.00279625
0.0038825
0.00289375
0.0029475
0.00337375
0.0037925
0.0025625
0.00308875
0.00385875
0.00328625
0.00309
0.0031625
0.002895
0.00306125
0.00263625
0.00262625
0.00339125
0.00287625
0.00304625
0.00304
0.00341625
0.00234125
0.0030025
0.00316625
0.00235125
0.0030425
0.00321
0.00410625
0.00371
0.0024725
0.00322
0.0036425
0.00326
0.00342125
0.00372375
0.0034975
0.00244125
0.0020925
0.00367125
0.00205875
0.00194625
0.00262875
0.00409875
0.00347125
0.003785
0.0032325
0.00324
0.00326875
0.00278875
0.00385125
0.0042625
0.00419
0.00371875
0.002945
0.00280375
0.0033325
0.00392375
0.00335625
0.0030575
0.00275375
0.00273875
0.0028875
0.00455
0.00259625
0.00320875
0.00361625
0.003125
0.00339625
0.00221875
0.0036025
0.00341375
0.00278875
0.00339875
0.002625
0.003405
0.00284125
0.0033525
0.00367375
0.0032025
0.00265625
0.00248375
0.003215
0.00359125
0.00329375
0.00319
0.00376125
0.00339375
0.003535
0.00316875
0.00297625
0.004015
0.0032825
0.0028175
0.00331375
0.00381875
0.0036025
0.0031325
0.00332625
0.00256625
0.00282125
0.003345
0.00320125
0.00335375
0.00289
0.00333875
0.00478875
0.00309375
0.003465
0.00336
0.00279
0.00397375
0.0041325
0.0034875
0.00284375
0.0028175
0.00331875
0.00312875
0.004865
0.003605
0.0031475
0.003185
0.00284
0.0024775
0.00295125
0.00374125
0.00319625
0.0021825
0.00323875
0.00353125
0.00295
0.00286375
0.00304125
0.00304125
0.00377125
0.00346625
0.00379
0.00241875
0.003165
0.00314125
0.00387375
0.00398625
0.0040325
0.0038275
0.00322125
0.0019275
0.0028275
0.00340875
0.00384875
0.00401625
0.002935
0.003515
0.00297875
0.00288625
0.00294875
0.003675
0.00274375
0.00410125
0.00419125
0.0035825
0.0020325
0.0043125
0.002145
0.0038375
0.00296
0.0029475
0.00282125
0.0031125
0.00336125
0.00354125
0.0034725
0.002685
0.003395
0.0035575
0.004025
0.00238
0.00281375
0.003605
0.00369125
0.002355
0.003335
0.002535
0.0022475
0.0026075
0.00415
0.00247
0.00278625
0.00306375
0.00238375
0.00254125
0.0041125
0.003105
0.00273
0.00307875
0.002665
0.00407875
0.00282875
0.00311625
0.00360875
0.00287125
0.00187375
0.00360375
0.0030125
0.00361
0.0027875
0.00269375
0.003385
0.00332375
0.002455
0.00227625
0.0034375
0.00251625
0.0039125
0.002995
0.0028725
0.0034225
0.002385
0.00388625
0.00329125
0.00254
0.00421625
0.00362875
0.00481
0.00337
0.00238125
0.00257625
0.00315375
0.002975
0.0031175
0.00329125
0.00425625
0.003315
0.0029425
0.00370625
0.0032375
0.002985
0.00346875
0.0028325
0.0036425
0.0042075
0.00164375
0.003305
0.00369
0.00272875
0.003385
0.00393
0.00245875
0.00307875
0.00254375
0.00204
0.00375375
0.00248625
0.00332875
0.00248875
0.004505
0.0033075
0.00380625
0.003555
0.0036175
0.00329125
0.0029725
0.0030725
0.00367875
0.00275625
0.0029975
0.00372
0.0029725
0.0036925
0.0036275
0.00456375
0.00314625
0.00298625
0.00370125
0.00357
0.00258375
0.00335625
0.0035825
0.00412625
0.0027925
0.00250625
0.00326875
0.0031025
0.00269125
0.00301125
0.0032
0.00356625
0.00423625
0.003235
0.00391125
0.00389875
0.0022925
0.00352375
0.00195625
0.0027775
0.00369
0.003815
0.00339625
0.0037325
0.00371875
0.0038
0.00329
0.0040175
0.00187
0.00385
0.003205
0.0022275
0.00254
0.00480875
0.003165
