0.00281125
0.00279
0.00285625
0.00280375
0.00377
0.00345875
0.00263625
0.00461875
0.0037275
0.003295
0.0015875
0.0037675
0.00328125
0.003025
0.0026075
0.0045225
0.0030875
0.00326625
0.00329125
0.00312125
0.00232625
0.002575
0.00303375
0.00262625
0.00234125
0.00337
0.00230875
0.0038125
0.00448125
0.00225375
0.00264625
0.00305875
0.002615
0.002115
0.002755
0.003355
0.00296
0.00345625
0.003395
0.00399875
0.00418375
0.00253125
0.00343125
0.00349625
0.00279
0.00339375
0.0038375
0.00293375
0.00363375
0.00307625
0.00380875
0.00348625
0.002965
0.003745
0.00293625
0.00432375
0.00362875
0.002495
0.00396375
0.00294
0.00276375
0.0027925
0.0044575
0.00261625
0.003155
0.0029525
0.00349375
0.0040275
0.00339625
0.00352125
0.004255
0.00349375
0.00306625
0.0042625
0.00436125
0.0042975
0.00309625
0.00427375
0.0021625
0.00314625
0.00329125
0.0031875
0.00420375
0.00292125
0.00340625
0.00371875
0.00325
0.00400875
0.00326625
0.0031
0.0028525
0.00371125
0.00297125
0.002855
0.00403625
0.0041
0.0034925
0.00379
0.00258
0.00287625
0.00388625
0.00391125
0.00325875
0.0038675
0.00272125
0.00380375
0.0031075
0.002215
0.00363
0.00361375
0.00273375
0.00327375
0.00323375
0.0033575
0.0030125
0.003555
0.0025225
0.00415
0.00414875
0.00274
0.00325625
0.003195
0.00353875
0.0028575
0.00314
0.0025925
0.002875
0.00320875
0.00336625
0.00288125
0.00207375
0.003665
0.00393875
0.0034275
0.00345125
0.002905
0.00314375
0.00282
0.00346375
0.00344875
0.00237625
0.00272875
0.00385
0.003395
0.0032425
0.00252375
0.00455375
0.00362
0.003655
0.0032775
0.00345125
0.00334
0.00415375
0.002785
0.002725
0.003665
0.00390625
0.0024325
0.004
0.0024175
0.00325875
0.0028225
0.002555
0.00273625
0.00331875
0.00330625
0.0038625
0.0036225
0.00241375
0.003265
0.00303375
0.00394125
0.00361875
0.0032625
0.00269625
0.00337875
0.00363125
0.00277
0.00364125
0.00278
0.00342125
0.00271375
0.00316
0.00341625
0.00314125
0.00495625
0.00328
0.003395
0.00312625
0.0038425
0.00349125
0.00258
0.0035725
0.003385
0.002995
0.00398125
0.002625
0.00344625
0.00291875
0.00283875
0.0026925
0.00302875
0.00368625
0.00267125
0.0031925
0.002925
0.00417875
0.002815
0.002525
0.0030325
0.003475
0.00301125
0.002365
0.0031375
0.00314
0.00317375
0.00259375
0.00281125
0.0049275
0.00322125
0.003575
0.00406125
0.00419125
0.00339875
0.00339875
0.0037925
0.00322
0.0030225
0.00226625
0.0036325
0.00268375
0.004625
0.00328125
0.00428875
0.00346125
0.00373125
0.0024825
0.00338375
0.00308
0.00237375
0.0033625
0.0035975
0.00263125
0.00337
0.00367875
0.002535
0.00376125
0.00351375
0.0030975
0.00375625
0.00248125
0.003485
0.00392375
0.00337
0.00322375
0.0035175
0.003565
0.00276875
0.004365
0.0042625
0.004305
0.00369
0.0035375
0.00348875
0.0038025
0.00339
0.00269625
0.00288875
0.00298375
0.00348625
0.0019725
0.00323
0.00416625
0.0038625
0.00368125
0.00346625
0.0022625
0.00305125
0.0028075
0.0023225
0.003925
0.0040075
0.0025675
0.00292875
0.003155
0.0029925
0.00323875
0.00299625
0.00307125
0.00253375
0.00293375
0.00262875
0.00345875
0.0031525
0.00310625
0.00317625
0.00330875
0.0031425
0.0036675
0.00277625
0.0037325
0.0025825
0.00306
0.00445375
0.00288375
0.0041425
0.00306875
0.00245375
0.0031725
0.004015
0.00340375
0.0032825
0.0039125
0.0030725
0.00278625
0.00449
0.00273625
0.00327875
0.00388875
0.00289
0.0036975
0.0028
0.00359625
0.0026925
0.0022975
0.003505
0.00301375
0.00412
0.0041075
0.0032675
0.00300375
0.00368625
0.0030625
0.00292375
0.004505
0.00365625
0.0037075
0.0029725
0.00323125
0.0030525
0.0030025
0.0024375
0.00363875
0.00356375
0.00317125
0.00337625
0.004185
0.0036
0.0037975
0.00349875
0.00331125
0.003255
0.00318375
0.00292125
0.0034625
0.00338125
0.00279625
0.00291625
0.00277125
0.002265
0.00354875
0.00227375
0.0028175
0.00276625
0.0040325
0.0031525
0.0036875
0.00285375
0.0036175
0.003145
0.00349625
0.00336125
0.00413875
0.00299625
0.00398625
0.0037975
0.003945
0.0035125
0.00288375
0.00269375
0.00384
0.0024825
0.00350375
0.00353
0.003095
0.00428625
0.00386
0.00368375
0.0030675
0.00237875
0.003345
0.00293875
0.00360375
0.0028
0.0032375
0.00275625
0.0028
0.00412375
0.003805
0.00375
0.002025
0.00256875
0.00311375
0.00289875
0.00306625
0.0032275
0.003455
0.00192125
0.00312875
0.00242625
0.0028875
0.00247
0.0033075
0.00209375
0.00289
0.0034825
0.0047
0.00234875
0.0035625
0.00267625
0.00378
0.00363625
0.0031875
0.003905
0.00352
0.0036
0.00254875
0.00280875
0.00249625
0.00179375
0.003255
0.0032025
0.0028925
0.00285875
0.00368125
0.00500375
0.0035
0.0034825
0.00276625
0.0034325
0.00300625
0.0034375
0.00372625
0.003575
0.003705
0.00219125
0.003105
0.003875
0.00330875
0.00223375
0.00358875
0.003535
0.00289
0.00340625
0.002565
0.0027075
0.003215
0.0037775
0.0037225
0.00349875
0.00288125
0.002785
0.00351375
0.00391625
0.00285125
0.00317125
0.0034375
0.0029225
0.00398
0.00242375
0.00232
0.00241625
0.0027375
0.0030875
0.0037575
0.00299625
0.002545
0.00292625
0.00297625
0.00322875
0.00423
0.003755
0.00436375
0.00339125
0.00318375
0.00318625
0.00313125
0.00226
0.00352
0.00326375
0.0037575
0.00253125
0.00469375
0.002895
0.00326375
0.002845
0.0029
0.0029825
0.002775
0.0037675
