0.00276125
0.0026325
0.0032025
0.00285625
0.00288
0.00257625
0.0027225
0.0025425
0.002215
0.00249
0.0031775
0.00242375
0.00267625
0.0024
0.0029725
0.00240875
0.00243375
0.00251
0.00273375
0.0026075
0.0028425
0.00241875
0.00275375
0.00276375
0.00358125
0.00318
0.00248875
0.00283625
0.00329875
0.002855
0.0025375
0.0029425
0.0029325
0.002795
0.00269125
0.00287625
0.0026925
0.002305
0.0029225
0.00265125
0.00280375
0.00290625
0.0026525
0.00243
0.0029925
0.00236375
0.00250875
0.0025125
0.00256375
0.00263625
0.00254875
0.0022425
0.00251125
0.00339875
0.00244625
0.003305
0.00246125
0.00289625
0.00273875
0.00288125
0.00280375
0.003375
0.00290875
0.00265
0.00231125
0.002655
0.00254375
0.002385
0.00320125
0.0021875
0.00312
0.00301
0.00247125
0.00252625
0.00285
0.002555
0.00240375
0.00234
0.002335
0.00274375
0.00281
0.0024425
0.00277875
0.002945
0.00280125
0.00255875
0.0030525
0.0023325
0.003045
0.00202625
0.00271125
0.0028975
0.0028925
0.00285625
0.002845
0.00264125
0.00278875
0.0022225
0.00245875
0.0021
0.0029775
0.00272875
0.00262125
0.00300875
0.00265875
0.0027475
0.00334375
0.0028175
0.003385
0.00274375
0.002665
0.0021925
0.00272
0.0031175
0.002675
0.0027125
0.00295
0.0029525
0.00274375
0.00274375
0.00236375
0.0023275
0.00307625
0.0032825
0.00287625
0.00198375
0.00270625
0.00249125
0.00266375
0.003055
0.00277375
0.00287625
0.00308125
0.00255875
0.00290125
0.00218875
0.00282
0.002795
0.00259
0.0028225
0.00251875
0.002905
0.0024125
0.002735
0.0027575
0.0027875
0.0027025
0.00279625
0.00304125
0.00275
0.0028825
0.00255375
0.00268625
0.00269875
0.0027775
0.002375
0.00274375
0.0021875
0.00219625
0.00285625
0.0029925
0.003195
0.0024275
0.00247
0.002325
0.00267125
0.00316125
0.00261625
0.00249625
0.00262875
0.00233
0.00267625
0.0023475
0.002615
0.00278125
0.00293375
0.002535
0.0023675
0.00276
0.00245
0.00303625
0.00270625
0.00280625
0.00239125
0.00294375
0.002885
0.0026775
0.00280625
0.00258
0.002545
0.00226125
0.0025025
0.0024425
0.0024575
0.00285375
0.00266
0.0025075
0.00240125
0.00241375
0.00299
0.00251125
0.00241875
0.0027075
0.00291625
0.0025325
0.00259625
0.002595
0.0025325
0.00254875
0.00268875
0.0023425
0.00257125
0.00257375
0.00280375
0.0032275
0.0028225
0.0029175
0.0027075
0.00287875
0.00276125
0.00242625
0.00288
0.00258125
0.0022825
0.00261875
0.0028225
0.00220625
0.002445
0.00273875
0.00258
0.0029375
0.0025925
0.0030825
0.0028825
0.00283
0.00265625
0.002385
0.0027125
0.00259625
0.003185
0.0031875
0.002655
0.00306625
0.002565
0.00303125
0.00243625
0.00298625
0.00254875
0.00246625
0.00241
0.00232
0.00275
0.00296125
0.00243875
0.00264625
0.00272125
0.00287375
0.00285625
0.00253
0.00278375
0.00267125
0.002835
0.00270875
0.00246875
0.00288125
0.00294375
0.00328875
0.00254875
0.00237
0.00283125
0.00284625
0.002845
0.00325
0.00278
0.0026175
0.0027075
0.00304375
0.00287875
0.0026925
0.00304625
0.00273625
0.00237375
0.0024075
0.0029675
0.00300125
0.0027225
0.0026
0.00282375
0.00273875
0.0030225
0.00267125
0.00323125
0.00264125
0.00267375
0.00258125
0.00199125
0.0026125
0.0028075
0.00279375
0.00307375
0.00284875
0.00272875
0.00242375
0.00257
0.00236125
0.00273
0.0025625
0.0026025
0.002425
0.0027075
0.00244
0.00263875
0.0026525
0.002605
0.00241125
0.002255
0.00283
0.0024025
0.00328625
0.00248625
0.002905
0.002635
0.003125
0.002895
0.002385
0.00246
0.0027975
0.0024975
0.002995
0.00271875
0.0029975
0.00301875
0.00274125
0.0027525
0.00267625
0.00238125
0.00283875
0.0028225
0.00284375
0.00227625
0.00260875
0.00274875
0.0027025
0.003055
0.00289625
0.0027
0.002875
0.00253875
0.00261625
0.00289625
0.0024125
0.00278625
0.0028425
0.00286
0.002445
0.002775
0.0025
0.00296625
0.00293375
0.0026925
0.0026575
0.00300125
0.0023725
0.00268125
0.00282375
0.002935
0.00276625
0.003045
0.00218125
0.00266625
0.00281875
0.00231125
0.00285125
0.00301
0.0030625
0.00275
0.0030675
0.00293875
0.00276625
0.002715
0.00280625
0.002365
0.0030775
0.002845
0.00268125
0.00309375
0.00249375
0.00241
0.00216125
0.00237375
0.00245
0.00251
0.00246125
0.00273
0.00296375
0.00285625
0.00296625
0.00267875
0.002535
0.00302
0.00271
0.00284625
0.00248375
0.0029425
0.00265625
0.00230625
0.002425
0.00288625
0.00243375
0.00219875
0.00237625
0.0025325
0.0029
0.0029425
0.00263375
0.00253875
0.00284875
0.00256375
0.00252125
0.002895
0.00252
0.0022925
0.0025425
0.00312625
0.00275875
0.00333
0.002705
0.0027325
0.00288875
0.0021975
0.00272125
0.0025925
0.00296375
0.0029875
0.002885
0.00313
0.00261625
0.0025125
0.00295375
0.00292625
0.0024075
0.00265
0.002965
0.00284625
0.00266125
0.0027175
0.00243125
0.0022275
0.00274875
0.003085
0.0027675
0.00301625
0.002915
0.00292875
0.00202125
0.0026375
0.00235
0.00303125
0.00274375
0.0028175
0.003015
0.00281375
0.00264375
0.002965
0.0031025
0.0031425
0.00233375
0.00277875
0.00256875
0.00233375
0.00307
0.002985
0.0030775
0.00277375
0.0026525
0.002295
0.0025775
0.0028625
0.00237375
0.00267375
0.00241875
0.003015
0.00247375
0.00295875
0.00266875
0.00264125
0.0030725
0.00278375
0.00239625
0.00247
0.00311875
0.002605
0.00269375
0.00244
0.00253625
0.00234
0.00237125
0.00283
0.00278
0.003005
