0.002435
0.0025425
0.00278375
0.002725
0.00259
0.00258625
0.0026175
0.002545
0.0024425
0.00262375
0.002865
0.0022625
0.00274375
0.002665
0.0031125
0.0026575
0.003175
0.0026
0.002465
0.00306875
0.0023
0.002895
0.002675
0.00229625
0.00288375
0.002545
0.0025925
0.00233375
0.00273625
0.00296
0.002665
0.00253375
0.00304125
0.002915
0.00275375
0.0026225
0.00254875
0.00272625
0.00263375
0.003315
0.00271125
0.00270875
0.002525
0.0024725
0.00305
0.00308125
0.00288625
0.00273
0.002365
0.00261
0.00245625
0.002045
0.00250125
0.0028325
0.00234
0.00271875
0.0030725
0.00262375
0.00236875
0.00277375
0.00269125
0.002775
0.00250375
0.002365
0.002485
0.0024225
0.0025
0.0024775
0.002695
0.002335
0.0024475
0.0023675
0.0028725
0.00298375
0.00246375
0.0023525
0.00286625
0.0026875
0.002605
0.0022525
0.00269
0.0035975
0.00258125
0.00257
0.00274875
0.00240875
0.0023375
0.0032325
0.00238875
0.0026125
0.00238625
0.00235
0.00242125
0.00261375
0.002685
0.003025
0.00275125
0.00279875
0.00269375
0.00288125
0.00245875
0.00293
0.00279375
0.00317
0.0022725
0.00264
0.00263
0.002765
0.0025225
0.00308375
0.0026025
0.00301125
0.0025075
0.00312875
0.00283125
0.00255
0.00229125
0.0024475
0.0028975
0.0027125
0.0023175
0.00289375
0.00248
0.0028725
0.00281375
0.0022675
0.00314875
0.00275125
0.0027175
0.00374875
0.00283375
0.00257125
0.00245375
0.002515
0.00281
0.0023525
0.0023225
0.002725
0.00249125
0.00266
0.00285
0.0026325
0.00287625
0.00269875
0.00269125
0.00267
0.00246875
0.00348125
0.00242875
0.00298
0.0024875
0.002665
0.00285875
0.0033925
0.00267375
0.002725
0.002315
0.00235
0.0030175
0.00275875
0.0024075
0.00294625
0.0028125
0.00270375
0.00305
0.00296
0.002775
0.0025475
0.0026175
0.002935
0.00286125
0.00246375
0.00290625
0.00309125
0.0025275
0.00241625
0.00346
0.002755
0.0031425
0.002025
0.00289625
0.00273125
0.00265875
0.0027575
0.00255
0.0022375
0.0024375
0.002655
0.0024325
0.00242625
0.0024525
0.002905
0.00272375
0.0027325
0.0026125
0.00261125
0.0024775
0.00272125
0.0029025
0.00243375
0.0023175
0.002655
0.00281375
0.00242
0.003265
0.002535
0.00259125
0.00200625
0.00254625
0.00262375
0.0025075
0.0027225
0.00287375
0.00235875
0.00296875
0.00265
0.00306
0.00269375
0.0031025
0.0028275
0.00279875
0.00257875
0.0029125
0.00297875
0.00320125
0.002485
0.00316625
0.0019025
0.00273625
0.00248125
0.00263
0.0027625
0.00296625
0.00288625
0.003025
0.00259
0.0024325
0.00288125
0.00275
0.002735
0.002695
0.00297125
0.0028525
0.00285625
0.002615
0.00224875
0.002695
0.00226375
0.0021525
0.00307625
0.00229375
0.002615
0.00267
0.00307625
0.0026075
0.00256625
0.0031675
0.00285875
0.00306125
0.00293625
0.00223375
0.00262125
0.002505
0.00308375
0.0027025
0.00241375
0.002525
0.00239625
0.0026775
0.00325625
0.00296375
0.0028
0.00269625
0.002655
0.0024725
0.00253375
0.00255375
0.00269
0.00274125
0.0029575
0.00291
0.0025325
0.002865
0.00248125
0.0024975
0.00280625
0.00265875
0.00226375
0.0028125
0.0032
0.00270375
0.0027525
0.0027675
0.00258875
0.0027975
0.00310125
0.0023825
0.00300875
0.002645
0.00247125
0.002515
0.002555
0.00285
0.0026775
0.002815
0.00268
0.0030325
0.002475
0.0028725
0.0022225
0.00297875
0.00276875
0.0025025
0.0030375
0.002955
0.0026225
0.0026225
0.00240125
0.0029225
0.002005
0.00261875
0.003185
0.00234375
0.0031525
0.0027225
0.00285875
0.00266875
0.00232
0.0025775
0.00222125
0.00307375
0.00279125
0.00256875
0.0027225
0.00248625
0.00289875
0.0029725
0.00296125
0.00225375
0.00323125
0.00318625
0.0027
0.0028775
0.002785
0.00234125
0.00302
0.00286
0.0026525
0.0027025
0.00297875
0.00266
0.00268875
0.0027275
0.00257125
0.00244375
0.00340375
0.00321625
0.0027425
0.00247
0.00279125
0.00274
0.002525
0.00265
0.00241875
0.00277
0.00262625
0.00252375
0.0024125
0.002385
0.0031125
0.00257625
0.00227
0.0027225
0.00280375
0.00246
0.0032075
0.00307875
0.00199875
0.00293875
0.00259
0.00255875
0.00255875
0.00310125
0.00309875
0.00293875
0.00257
0.00253375
0.0023975
0.0026075
0.002795
0.00230125
0.002545
0.00244625
0.0030025
0.00318125
0.00299
0.00246375
0.0035375
0.00239125
0.00263
0.00284625
0.00292125
0.00299875
0.00246375
0.0026075
0.002785
0.0025125
0.00305125
0.00272875
0.0026875
0.00312625
0.00306875
0.00288375
0.00269125
0.00271375
0.00252875
0.002855
0.00267
0.00293875
0.0021025
0.00274125
0.00264375
0.00299
0.00233
0.00285875
0.00232875
0.0023575
0.00239625
0.00285125
0.00296375
0.00233125
0.00264125
0.0021725
0.00256375
0.00274875
0.0033075
0.00282875
0.0023275
0.0027325
0.0022975
0.00269
0.0026525
0.0026575
0.00285875
0.00307625
0.0029725
0.00248125
0.00266625
0.0028125
0.00293625
0.00244125
0.00267125
0.00328875
0.00247125
0.00247
0.0020225
0.0029725
0.0022275
0.00308875
0.0028375
0.00242375
0.002325
0.00293875
0.00281375
0.00286625
0.00242375
0.002755
0.0027875
0.00276875
0.0026225
0.00227125
0.00272125
0.0030775
0.00304
0.00285125
0.00253875
0.00292
0.00286375
0.00257375
0.0023375
0.00278875
0.00279375
0.0027225
0.00305
0.002775
0.002635
0.0027125
0.00251875
0.00290625
0.00266375
0.00286375
0.0022725
0.00283625
0.00229125
0.00325875
0.00235375
0.00249625
0.0027075
0.0021925
0.00287375
