0.0013225
0.0021225
0.00235625
0.00163
0.0015125
0.001965
0.00176625
0.00175375
0.00152875
0.00193875
0.00221375
0.00222
0.00161125
0.00192125
0.00172375
0.0020925
0.00187875
0.00241375
0.00174375
0.00203125
0.0020075
0.0018525
0.00162625
0.00175
0.00179125
0.00206125
0.0018925
0.0014925
0.0019425
0.0019575
0.00171625
0.001515
0.00158375
0.00193375
0.0012525
0.0017875
0.0019025
0.00166375
0.00215
0.0019725
0.002005
0.0021325
0.0014575
0.00191875
0.0019075
0.00231125
0.00183625
0.00137125
0.001565
0.00165375
0.0019475
0.00144125
0.00141625
0.00167125
0.00157875
0.0015375
0.0019725
0.0020225
0.0019725
0.00177875
0.00167
0.0014425
0.0018025
0.0015725
0.00191875
0.0021025
0.00192125
0.00193625
0.0018575
0.0020075
0.002035
0.00199625
0.0019275
0.00181625
0.00202625
0.00116875
0.00209375
0.00169
0.00165375
0.00171125
0.00166125
0.00171875
0.00166
0.0022625
0.00216375
0.00170125
0.0017925
0.00218
0.0021975
0.0017625
0.00177
0.00164875
0.00141125
0.001795
0.0025725
0.00147875
0.00179625
0.00169625
0.0022225
0.00192625
0.0024425
0.00186375
0.00169375
0.0019325
0.0018675
0.0018975
0.00178125
0.00160875
0.0015
0.00143125
0.00203625
0.00174625
0.00214875
0.00181625
0.00163375
0.0019775
0.00187375
0.001625
0.00176875
0.00153625
0.00193625
0.00189625
0.00184125
0.0018525
0.00196125
0.002055
0.0016825
0.0017425
0.00169625
0.00199625
0.00169875
0.00224
0.0013925
0.001935
0.00197625
0.00154125
0.00182125
0.001385
0.00214375
0.001965
0.00214875
0.00193875
0.00170625
0.001865
0.0019425
0.00167875
0.00183375
0.00202375
0.0013975
0.001895
0.0016725
0.0019325
0.0020625
0.00225375
0.0019225
0.00202125
0.00161125
0.00146
0.00205875
0.00204375
0.00196375
0.00144875
0.0016275
0.00157375
0.00183125
0.0015775
0.00197
0.0020825
0.00198
0.0015275
0.001685
0.00182625
0.00183125
0.001605
0.0017575
0.001475
0.00163625
0.001995
0.001755
0.00141125
0.00147375
0.00155125
0.0016325
0.00174375
0.001855
0.001875
0.002085
0.00208375
0.002015
0.001645
0.00139875
0.00157375
0.001735
0.0017175
0.0023975
0.0017875
0.0016
0.00186
0.00216625
0.001495
0.00199125
0.001825
0.001585
0.00139125
0.00134
0.00159625
0.00229875
0.002065
0.0019675
0.00161625
0.00181375
0.00180375
0.00144125
0.00184375
0.0017975
0.001805
0.0014425
0.00194625
0.00131625
0.00219
0.00207625
0.00190625
0.00199625
0.0014475
0.0017225
0.00173875
0.00212375
0.001915
0.0018675
0.00207
0.00187125
0.0021
0.00175625
0.0016525
0.00168
0.001665
0.00206375
0.00191625
0.0022275
0.0016725
0.00156125
0.00159375
0.00233625
0.00153875
0.0013975
0.00186375
0.00188375
0.00177
0.002
0.0015425
0.00171375
0.00188375
0.002165
0.0019825
0.00191125
0.00186
0.00186375
0.0019225
0.0015925
0.00176375
0.0016925
0.0023675
0.00160625
0.0021475
0.0016725
0.00196125
0.00213875
0.00191375
0.00191625
0.00205
0.00169375
0.00189125
0.00189875
0.00134
0.00149875
0.00176
0.00156625
0.00207125
0.00167375
0.0015075
0.00230125
0.001855
0.00191
0.00188
0.00221875
0.0019175
0.00221875
0.00170125
0.00177625
0.00161375
0.00163
0.00193
0.001575
0.00165
0.0021525
0.00147375
0.00199625
0.00192
0.00169125
0.00205375
0.00164375
0.001635
0.0021175
0.00167625
0.002255
0.00214625
0.001905
0.00221
0.0019425
0.00206125
0.00182
0.00161375
0.0020275
0.002105
0.00147375
0.00178375
0.00161125
0.001385
0.00173375
0.00182
0.0020075
0.00153
0.00120625
0.00160875
0.001635
0.001785
0.00225625
0.00218
0.00168125
0.00183125
0.00175375
0.00180625
0.0014925
0.00192875
0.0018325
0.0020325
0.00199
0.0019
0.00217625
0.00169125
0.0018375
0.0018325
0.0017075
0.0014125
0.0013475
0.0019675
0.0020775
0.002035
0.0016225
0.00160625
0.0015675
0.00201625
0.0022425
0.002245
0.00147875
0.00214875
0.001715
0.00146125
0.0017625
0.00165625
0.00218
0.00160125
0.001825
0.00211125
0.00179375
0.001635
0.0017325
0.00284875
0.001755
0.0021125
0.0017575
0.00149375
0.00208875
0.00222
0.00218625
0.00190375
0.00183875
0.0013
0.0018475
0.00161875
0.00171
0.00238125
0.00194875
0.00164375
0.00155125
0.00197625
0.00201625
0.0022725
0.00155375
0.00168
0.00200125
0.001715
0.00157
0.00236625
0.00162625
0.00220875
0.0019075
0.0018025
0.002095
0.00187625
0.00184
0.00253625
0.0019875
0.00179625
0.00194375
0.0019475
0.00168125
0.0021675
0.00185375
0.00188625
0.00171875
0.0015675
0.0013425
0.00178625
0.0017275
0.00161625
0.00234
0.00190375
0.001765
0.00187875
0.001785
0.0014425
0.00162125
0.002125
0.001805
0.001545
0.001605
0.0017375
0.0022
0.00207125
0.0023
0.00203
0.0022225
0.00215625
0.00201625
0.00213
0.0016675
0.0021925
0.0018075
0.00194125
0.0017725
0.00154
0.0015575
0.0017575
0.002015
0.00167625
0.00188
0.00192625
0.00156
0.00147625
0.0020025
0.00224
0.00144875
0.00211125
0.00193625
0.0019775
0.00161
0.001935
0.002225
0.00226
0.00166125
0.00179125
0.00189625
0.002215
0.00176
0.00203375
0.0019375
0.0019825
0.00184875
0.00166125
0.0020175
0.00172875
0.00156625
0.00225375
0.00208125
0.00163125
0.00227375
0.0017075
0.00224125
0.0020375
0.00164625
0.00176875
0.00132375
0.00191875
0.00218375
0.00141
0.00199
0.00172625
0.00149125
0.0012625
0.00120625
0.00202125
0.00178
0.00201875
0.0017725
0.001705
0.00159625
0.0016825
0.00150375
0.00173625
0.0018125
0.0016775
0.0021625
0.00187625
0.00197625
0.00185625
0.00194875
0.0015275
0.00135125
0.00144875
0.0015525
0.002035
0.00120125
0.001705
0.001935
0.00196625
0.00177125
0.00226875
0.002055
0.00179375
0.002055
0.0018
0.00171875
0.001865
0.0019975
0.00188
0.00166
0.00215625
0.00165375
0.00175125
0.00190125
0.0018975
0.00162
0.00203625
0.00162
0.00130375
0.0018175
0.0016575
0.0016025
0.0021475
0.002015
0.0018975
0.00163
0.00183
0.001525
0.0017675
0.001855
0.0017175
0.00182125
0.00203625
0.0018425
0.00191625
0.00172375
0.00229125
0.00179875
0.00180375
0.00170875
0.00143
0.00242875
0.002145
0.00178375
0.00199875
0.0021325
0.0017575
0.00176875
0.001575
0.00158125
0.0019575
0.0016025
0.00215
0.0015725
0.00125375
0.00180375
0.001945
0.0022475
0.0018025
0.00197625
0.00162625
0.00224125
0.00194625
0.00134625
0.00225375
0.00155875
0.0016
0.0018425
0.00204625
0.0019975
0.00209125
0.00217375
0.0015225
0.00192625
0.0016675
0.00189875
0.00202125
0.002095
0.00204
0.00192375
0.00192375
0.0016125
0.002105
0.0017075
0.00154625
0.00216375
0.00117125
0.0019675
0.00184625
0.0018925
0.00162625
0.00202125
0.0020525
0.0016725
0.00211
0.001935
0.00144375
0.00196375
0.00192375
0.00205625
0.00157875
0.00158875
0.00194625
0.00157625
0.00183625
0.0015725
0.00150375
0.0017775
0.00149125
0.00168
0.00156125
0.00195125
0.00217375
0.001965
0.0018525
0.00183875
0.00217125
0.00171
0.0019225
0.00179875
0.0022675
0.0017575
0.00196
0.00210625
0.00188625
0.0021125
0.00198125
0.00132375
0.00167
0.0019575
0.00180375
0.00183875
0.0014775
0.00123125
0.00186875
0.00184625
0.00198125
0.00186375
0.00205125
0.00187625
0.00232375
0.00197875
0.00181875
0.001745
0.001845
0.001625
0.00211375
0.00165875
0.00155375
0.001615
0.00208375
0.00162875
0.00201
0.0016975
0.00193
0.00161375
0.0019475
0.00182
0.00190625
0.00139
0.00196625
0.001535
0.00212625
0.00125375
0.00172375
0.001115
0.001725
0.00123125
0.0020625
0.00197875
0.001945
0.001665
0.00147375
0.0012075
0.00167125
0.00213625
0.00150375
0.00183375
0.00173
0.00185625
0.00189625
0.00174
0.00157125
0.0015175
0.0016875
0.00193
0.001875
0.00181
0.00142875
0.00184875
0.001745
0.00185125
0.00164625
0.00165375
0.0016275
0.00214875
0.0018525
0.00193
0.0019925
0.00168375
0.00191625
0.001645
0.00141375
0.00213125
0.00151875
0.0017025
0.0018975
0.00202375
0.00215375
0.00137625
0.0015325
0.00177875
0.002365
0.001545
0.0015825
0.002225
0.0020775
0.00194125
0.001685
0.0022175
0.0017525
0.00195
0.00174625
0.00172375
0.00196125
0.0019325
0.00191125
0.0015775
0.00150375
0.0020125
0.0015725
0.00199125
0.00184
0.00203125
0.00186875
0.0023
0.001795
0.00196625
0.00143875
0.00214375
0.002075
0.00153875
0.00165875
0.00192
0.0017
0.0017625
0.00177875
0.00193125
0.00175125
0.001685
0.00213
0.00189125
0.00139875
0.0019925
0.00226125
0.0022775
0.00207375
0.001785
0.0017825
0.001605
0.00179875
0.00195375
0.00188
0.00166625
0.0016225
0.00236125
0.00204125
0.00209875
0.00204125
0.00177
0.00222375
0.00204875
0.001885
0.00175
0.00150375
0.00209625
0.00156125
0.00216625
0.002255
0.00205125
0.0017275
0.002105
0.00101375
0.0019375
0.0016175
0.00181625
0.00152875
0.0015575
0.00165875
0.00211
0.00157375
0.0023575
0.001355
0.00211375
0.00183875
0.0018375
0.00229875
0.00149125
0.001825
0.0013725
0.001905
0.0017925
0.002025
0.00177625
0.001765
0.00176625
0.0018925
0.0012375
0.00159125
0.00158875
0.0021675
0.00179375
0.00179
0.00164625
0.002105
0.0020075
0.0017625
0.00183625
0.001955
0.00165625
0.00203875
0.00173
0.001595
0.00203125
0.00138625
0.00169125
0.00156
0.001555
0.00195
0.00197125
0.0020275
0.0020775
0.00172125
0.00143375
0.00227875
0.00187125
0.0016625
0.0018075
0.0018125
0.00217375
0.002275
0.00173375
0.00147625
0.00189
0.00188625
0.00210375
0.00203625
0.00175
0.0018575
0.0015825
0.0017725
0.0017675
0.00176625
0.001935
0.00193625
0.00162125
0.00167375
0.0016875
0.00149
0.001955
0.00164125
0.00178
0.0015575
0.00182125
0.00162
0.00174625
0.00151375
0.00193
0.00189375
0.0014525
0.00138
0.002045
0.00156875
0.0019775
0.00197125
0.001955
0.0021125
0.0016575
0.00166625
0.0019725
0.001875
0.00200625
0.00203375
0.00179625
0.00156375
0.002105
0.0013675
0.0021
0.00184875
0.002195
0.00180625
0.00207375
0.00179125
0.00229
0.00233
0.00163375
0.00159625
0.001665
0.0013025
0.00199375
0.00189125
0.00179125
0.00163
0.001865
0.00223125
0.0015125
0.0015225
0.0019925
0.0017125
0.002145
0.0020475
0.0017475
0.00192125
0.00223
0.00154875
0.001555
0.00183375
0.00129625
0.00134125
0.00148875
0.0013625
0.002365
0.00166375
0.00228
0.00157625
0.00196
0.00215125
0.00142
0.0020325
0.002
0.00151
0.00208875
0.0022
0.00237375
0.00209125
0.00186875
0.001965
0.00175625
0.00237125
0.002165
0.0020975
0.0015925
0.00257625
0.001725
0.00109
0.00205125
0.00151
0.0019475
0.00171875
0.0016575
0.0017525
0.00174375
0.0016675
0.00190125
0.00224875
0.00249375
0.00156625
0.00147875
0.001555
0.00209625
0.00187
0.002145
0.0018625
0.00187125
0.0017825
0.0019125
0.00194125
0.0021725
0.00200375
0.00129625
0.001195
0.00193
0.00162
0.001525
0.00138875
0.00203625
0.00207625
0.00186375
0.00163125
0.00165125
0.00152625
0.0018375
0.001795
0.00196625
0.0019425
0.0023725
0.0019225
0.0021225
0.00172125
0.00186125
0.00216875
0.00164125
0.00205
0.001775
0.00211375
0.001955
0.00230375
0.00208375
0.00174125
0.00175375
0.001615
0.00148125
0.0017475
0.00173375
0.001855
0.00131125
0.00203
0.00177875
0.00137875
0.00179875
0.00163
0.001525
0.0015875
0.0018825
0.00180125
0.0016625
0.0019775
0.00214
0.00200875
0.00230625
0.00148875
0.0020125
0.0017425
0.00190875
0.00196375
0.00182875
0.00215625
0.001755
0.0019175
0.00181375
0.00126375
0.00143375
0.001455
0.00176125
0.00191625
0.00189875
0.001945
0.00203
0.00178625
0.0016425
0.00164875
0.00200625
0.002115
0.00203
0.00177375
0.00187875
0.00169125
0.00153375
0.0022075
0.00105
0.0021725
0.0017075
0.00152625
0.0018125
0.001765
0.00148375
0.0016225
0.002175
0.00155125
0.00188375
0.002455
0.00189875
0.00250625
0.0018
0.00209125
0.00229125
0.00166625
0.00160875
0.00155
0.00168875
0.00207
0.00181875
0.00196375
0.0018175
0.00197125
0.00203
0.00223375
0.00137125
0.0019425
0.0021775
0.001925
0.001815
0.00228375
0.002225
0.00181375
0.00190875
0.00152125
0.00155375
0.0016375
0.002
0.00193375
0.00154375
0.0020925
0.00174375
0.00199625
0.0017975
0.00180375
0.00175875
0.00170125
0.0017025
0.0019
0.00180625
0.00164
0.001515
0.00204
0.00179375
0.0018275
0.0017775
0.0018175
0.00168625
0.00219875
0.00152125
0.00204125
0.0016775
0.00190625
0.00183
0.00145
0.0019725
0.00191125
0.00174
0.00177
0.001745
0.00196625
0.00210875
0.00191625
0.00158625
0.00195125
0.001485
0.0019775
0.0017925
0.00174
0.001915
0.00205
0.00223875
0.001785
0.00188625
0.0016025
0.001845
0.00206875
0.00229625
0.00178875
0.0017525
0.00169
0.00161875
0.00165875
0.00188625
0.00207375
0.0016275
0.00188125
0.00158125
0.00168875
0.0017575
0.00193
0.00176375
0.0021625
0.00203125
0.00244
0.001275
0.00172875
0.00198625
0.0015725
0.001715
0.00210625
0.00170125
0.00200875
0.002275
0.00191375
0.00156375
0.00178875
0.002685
0.0014925
0.00184
0.0017325
0.0018525
0.00189125
0.00223875
0.00183125
0.00203
0.00170625
0.00182625
0.00165
0.0017125
0.00163125
0.00210125
0.00221625
0.00205
0.00192125
0.00159625
0.00138875
0.00220125
0.0018675
0.0017425
0.001855
0.0019375
0.002095
0.00163
0.001625
0.00183125
0.00204
0.00162375
0.00154875
0.00225
0.00184875
0.00165625
0.00169375
0.00174
0.0022
0.0014325
0.00181
0.002355
0.00195
0.00162125
0.00178
0.00156625
0.0017475
0.00162
0.00175625
0.00176125
0.00231625
0.002155
0.00218
0.00216875
0.00146125
0.00158625
0.001785
0.0018975
0.00154
0.0016475
0.00175875
0.00207625
0.00195
0.00174375
0.00169875
0.0016275
0.00180375
0.00175875
0.00210875
0.0022825
0.0022075
0.0022875
0.00195375
0.00174375
0.002165
0.0015925
0.00201
0.001635
0.00205
0.00188125
0.0017275
0.00221875
0.00240875
0.0016325
0.00148875
0.00175125
0.0018325
0.00149875
0.0015875
0.0019425
0.00217625
0.002535
0.0018
0.0012925
0.0023075
0.00161625
0.00165
0.00162125
0.00204
0.00240125
0.0016125
0.00198625
0.001915
0.00164375
0.0015025
0.0017775
0.0019175
0.00209375
0.00182125
0.00198125
0.001765
0.00164125
0.00189375
0.00186625
0.00184625
0.00192125
0.00213875
0.001805
0.0013775
0.00197625
0.00182
0.00169125
0.00186125
0.00187
0.00181125
0.0020925
0.00185
0.00173875
0.00198875
0.001345
0.0016775
0.0018475
0.001555
0.00138375
0.00158125
0.0020825
0.00166125
0.00185
0.00153375
0.001985
0.00184875
0.0019225
0.0017725
0.00155375
0.00112
0.002245
0.00180625
0.00187625
0.00182375
0.00146375
0.00178125
0.00182625
0.00179
0.00184125
0.00194
0.00188
0.00206625
0.001715
0.00175125
0.001685
0.00190125
0.00220375
0.0021925
0.0018425
0.00176
0.00205875
0.00198625
0.00203125
0.00175875
0.00183125
0.00198
0.00188625
0.00225375
0.00175
0.00172125
0.0025325
0.0015675
0.0015425
0.00213625
0.00192625
0.0018825
0.00180625
0.00212625
0.00192625
0.00223125
0.00203875
0.002065
0.00243
0.00167
0.00195375
0.00167125
0.0020975
0.0015325
0.00176
0.0019
0.0017225
0.00199875
0.0013225
0.00213625
0.00174625
0.0017475
0.001115
0.00143125
0.00149375
0.00199
0.00201625
0.00132125
0.0017375
0.001525
0.002015
0.00148875
0.002135
0.00207625
0.00176125
0.00156125
0.0021
0.00154125
0.001485
0.0021325
0.00180125
0.00166875
0.00176875
0.00169875
0.0017875
0.0014725
0.00186375
0.00215375
0.00153
0.00165125
0.0017775
0.00220375
0.00247125
0.002085
0.00163375
0.00156625
0.00191875
0.002325
0.00183625
0.00166375
0.0021225
0.0016
0.00146375
0.0017375
0.00229
0.00142375
0.0015675
0.00159
0.00166875
0.00151875
0.00185375
0.0018575
0.00202875
0.00160125
0.00207875
0.0018725
0.00175
0.00217625
0.0014425
0.00190125
0.00182625
0.00208
0.0018575
0.00195
0.0020525
0.0019375
0.00196
0.001425
0.002435
0.0015825
0.00198125
0.0018275
0.0018125
0.001965
0.00181125
0.00224125
0.00195625
0.00186875
0.0015625
0.00179125
0.00233
0.00156625
0.00179125
0.00150625
0.00208625
0.00192625
0.00162
0.00194375
0.00195625
0.00172375
0.0017575
0.00190875
0.00157625
0.00191875
0.001885
0.00151375
0.00161625
0.00137
0.00190875
0.00188875
0.0019025
0.002185
0.00187
0.00173375
0.00153
0.0018925
0.00182375
0.00186875
0.00181125
0.0014525
0.001715
0.00243
0.00186625
0.00206125
0.00192125
0.00212125
0.00171875
0.00197625
0.00152375
0.00184125
0.001475
0.001555
0.00189875
0.00184625
0.00154875
0.00171375
0.0014075
0.00207625
0.001715
0.00174125
0.00214375
0.00211875
0.00170625
0.00168625
0.00193875
0.00204875
0.00182375
0.0017825
0.0012175
0.00181625
0.00202625
0.00183375
0.00183125
0.0018225
0.001235
0.00188
0.00215375
0.00231375
0.00119375
0.00169875
0.00167875
0.001905
0.00159
0.0019075
0.00194375
0.00225375
0.00161125
0.0022
0.00163375
0.00180125
0.00191125
0.00197875
0.00214875
0.00161125
0.0017825
0.00197875
0.00188625
0.001665
0.00206125
0.00215375
0.0014775
0.00197625
0.00160875
0.0019075
0.001745
0.0016
0.00176
0.00118875
0.00197625
0.0017075
0.001665
0.002125
0.0017475
0.002235
0.00196875
0.00247375
0.0015525
0.00161
0.0016625
0.00151875
0.00170375
0.00163125
0.0019675
0.00223625
0.00140375
0.00188875
0.0015725
0.00199375
0.00175875
0.00222
0.0017625
0.001805
0.00183125
0.00191125
0.0021275
0.00160375
0.0019975
0.00204
0.0016125
0.00151375
0.00138125
0.00191375
0.00193
0.0016775
0.001895
0.002115
0.00202875
0.00238625
0.00177875
0.00184875
0.00205375
0.00181125
0.0022225
0.00190875
0.001905
0.00149375
0.0022475
0.00242875
0.0013475
0.00210625
0.00199125
0.00171375
0.0017225
0.00181125
0.0017825
0.0015625
0.001645
0.001965
0.00193875
0.00177
0.00163375
0.00193875
0.00175375
0.00166375
0.0018425
0.0018625
0.00212125
0.00174875
0.00194125
0.00213125
0.00130875
0.0017425
0.00207375
0.00158375
0.00210625
0.00216125
0.0019025
0.001665
0.0017575
0.00192
0.00195625
0.00189625
0.00171875
0.00228
0.00189875
0.00195125
0.00202625
0.00165875
0.00195875
0.00182125
0.00162625
0.00158625
0.00238625
0.00149125
0.0017075
0.001745
0.00172375
0.00194875
0.00198875
0.0021575
0.00171375
0.0013775
0.001385
0.0019025
0.00218
0.0019825
0.0021175
0.00167375
0.00192875
0.00192625
0.00173125
0.00212
0.001615
0.00156625
0.00115125
0.002245
0.00172875
0.00188375
0.00121625
0.00178125
0.00176625
0.0024975
0.00207
0.00154625
0.00172625
0.00161125
0.00172125
0.00146125
0.00177375
0.0021525
0.00190875
0.00210625
0.00155625
0.001555
0.002175
0.0021925
0.0017375
0.00169625
0.00186625
0.00217875
0.00196625
0.00136
0.002045
0.00142875
0.00191875
0.001885
0.00145875
0.0017725
0.00182875
0.00217875
0.00104
0.0017325
0.00165125
0.00180875
0.00115875
0.00195875
0.00143625
0.0012475
0.0018775
0.00186125
0.0017525
0.0018475
0.002035
0.00221625
0.00180625
0.00236375
0.00225
0.00170375
0.00160125
0.00136
0.001755
0.00202625
0.00176125
0.0020025
0.001215
0.00189
0.00188125
0.00193125
0.00176875
0.00173625
0.001625
0.00150375
0.00179375
0.0019675
0.00150875
0.00171625
0.00089375
0.00168625
0.00196875
0.0015525
0.00121125
0.0011825
0.00162875
0.00185375
0.00186375
0.0018975
0.00181625
0.00273375
0.0015725
0.00204375
0.002035
0.00183125
0.00177375
0.00251875
0.0021175
0.0014325
0.00161125
0.00150375
0.00175
0.00120625
0.00223125
0.00196
0.00194125
0.0018975
0.00183625
0.00165625
0.0016775
0.00193375
0.0012425
0.0016575
0.00235875
0.0016775
0.00206125
0.0020425
0.00184375
0.00151375
0.0016325
0.00160375
0.0021575
0.00208
0.0016675
0.0022
0.00204375
0.00179125
0.00179125
0.00188625
0.00231625
0.00174875
0.00161375
0.00186625
0.002195
0.0019825
0.0019525
0.0009525
0.00165125
0.0023475
0.001585
0.00206
0.00182125
0.0015075
0.00178375
0.0021425
0.0017525
0.00222
0.00166125
0.001465
0.00124375
0.0016275
0.00212375
0.002155
0.00179375
0.001675
0.0019125
0.00227875
0.0015875
0.0013825
0.00185875
0.0015625
0.00161375
0.0014225
0.0017275
0.0021175
0.00155625
0.00201
0.00148375
0.00160875
0.00199
0.0016275
0.00171875
0.0014275
0.00208
0.00188125
0.00180375
0.0016675
0.00220875
0.00173875
0.00186375
0.00215
0.00209875
0.0012825
0.0016425
0.00152625
0.0021775
0.00215125
0.0020375
0.00195375
0.00223
0.001865
0.0016575
0.0018825
0.001805
0.0019875
0.001015
0.00169875
0.00152875
0.001715
0.00167875
0.00217375
0.00199875
0.00139375
0.00207
0.00219625
0.001475
0.0021125
0.00191625
0.00194375
0.00157
0.00170625
0.001925
0.0020475
0.00238625
0.00228
0.00179625
0.00178625
0.001615
0.00159875
0.00186125
0.00167
0.00132
0.00214875
0.00177625
0.0017775
0.00193375
0.00147875
0.0024925
0.0019725
0.00153625
0.00139
0.002055
0.00185375
0.0020175
0.001815
0.00202625
0.00193
0.00159625
0.00157375
0.00146625
0.0020475
0.0019075
0.00178
0.0018575
0.00146375
0.00166
0.00163125
0.002235
0.00172125
0.0022725
0.002045
0.00195375
0.0021375
0.0024525
0.0014475
0.00160125
0.00146375
0.00190125
0.0017875
0.00196125
0.00159875
0.00143875
0.00123
0.00174125
0.0017825
0.00178875
0.001965
0.0016325
0.002025
0.00189375
0.0017075
0.00176125
0.00218375
0.0019775
0.00203125
0.00215
0.00169
0.00193875
0.00228875
0.00206875
0.002
0.00155875
0.00170625
0.0016775
0.00188625
0.001725
0.00175625
0.00112875
0.00179375
0.00233
0.00107
0.0013175
0.002205
0.00143625
0.00192625
0.00192875
0.00127875
0.00206875
0.001845
0.00173
0.00190625
0.00199875
0.00144
0.0017475
0.00179125
0.0018
0.0021675
0.00199875
0.00186875
0.001895
0.00195625
0.00139625
0.001585
0.0017075
0.00175125
0.0020925
0.0012275
0.00141625
0.00253375
0.00170875
0.00194
0.00178375
0.00193
0.00183875
0.0015825
0.00152875
0.00206375
0.00154125
0.0015125
0.00198375
0.0019425
0.0019375
0.001655
0.00177625
0.00202875
0.0017925
0.0020075
0.00195625
0.00161125
0.00176125
0.0017525
0.00235375
0.00182875
0.00168125
0.00197625
0.0020625
0.00162375
0.0018025
0.00137375
0.00191125
0.00178
0.001865
0.001675
0.00189
0.00204375
0.00170875
0.00199125
0.00161875
0.001345
0.00184375
0.00128875
0.0016875
0.0022475
0.00214375
0.00176875
0.00229375
0.00160125
0.00155625
0.00207125
0.00160625
0.00170625
0.00177125
0.00180125
0.00213125
0.0017875
0.0019725
0.00190625
0.0017275
0.0017275
0.00169625
0.00184875
0.0016975
0.00144625
0.00242875
0.00159625
0.00193
0.00179625
0.00177125
0.00163375
0.00211625
0.00144625
0.0014475
0.0022725
0.00172125
0.00170125
0.0020325
0.0020825
0.001785
0.0021075
0.00185125
0.00172375
0.0013225
0.0018525
0.00156375
0.00172625
0.00186375
0.00153125
0.0019225
0.0017525
0.0019
0.00150625
0.0017325
0.00194875
0.00149375
0.00159625
0.0017875
0.0016125
0.001565
0.00188
0.0015575
0.0017775
0.00179625
0.0016525
0.0022175
0.00177625
0.00207875
0.0018975
0.00209875
0.00190375
0.00198
0.00186875
0.0018425
0.0018325
0.001225
0.00125125
0.0018825
0.00172625
0.00165125
0.0020675
0.00201125
0.00167875
0.001565
0.00198625
0.00242375
0.00160625
0.00190625
0.00157875
0.00166875
0.00143375
0.0020025
0.00174875
0.001945
0.00201
0.00169625
0.00195375
0.00179375
0.0020975
0.00175
0.001775
0.00186
0.00188375
0.00148
0.00172875
0.00173375
0.00171875
0.00219
0.0012875
0.00180875
0.00157
0.0022725
0.0019875
0.0018
0.00185125
0.00156625
0.00156125
0.00210625
0.00170125
0.0016475
0.0019975
0.00170625
0.0014475
0.00155
0.001685
0.0014325
0.00197375
0.00198625
0.00176
0.001685
0.00143875
0.00163875
0.00153875
0.0015125
0.00223125
0.00141
0.00185875
0.00192375
0.001935
0.00138
0.001545
0.0018525
0.00165
0.00182
0.0020925
0.0012025
0.00195125
0.00224625
0.0018075
0.00188625
0.00203
0.00226
0.0021025
0.00193125
0.0012925
0.0017775
0.00199125
0.00215875
0.00188625
0.00167375
0.00181125
0.00129
0.0016675
0.00209375
0.00222125
0.00202
0.00201125
0.00132125
0.00139375
0.00167375
0.00183
0.00182
0.00156625
0.00172625
0.0010625
0.00196625
0.00209375
0.00117625
0.0016875
0.0020925
0.0018475
0.001695
0.00241625
0.00191
0.0020325
0.00159375
0.0020425
0.00208
0.002085
0.00181375
0.00169
0.001905
0.00179375
0.0017525
0.0017875
0.001905
0.0014225
0.00217375
0.00168125
0.002065
0.0023775
0.0018625
0.0018075
0.00170875
0.00172125
0.00200875
0.00195375
0.00156
0.0022725
0.0020675
0.00200875
0.00204375
0.0018675
0.00165875
0.0021725
0.001535
0.0019525
0.002045
0.00199
0.002395
0.002085
0.00173
0.00168875
0.0024525
0.0014
0.00161875
0.0018775
0.00149375
0.0018725
0.00183625
0.002
0.001495
0.00193875
0.00176
0.00159
0.002125
0.0014375
0.0017075
0.00174125
0.0017925
0.0018575
0.0019825
0.001935
0.00199875
0.00175
0.0019475
0.00168
0.00183125
0.00223625
0.00220375
0.00177
0.001575
0.0019875
0.00196125
0.00167375
0.00174125
0.0023275
0.00172875
0.002075
0.00199875
0.00243125
0.00174
0.00170625
0.0013775
0.00198625
0.00218125
0.00174875
0.00204
0.00158
0.00178375
0.00194375
0.001845
0.00180375
0.00176125
0.0012425
0.00175
0.0022775
0.00140125
0.00203625
0.0017875
0.00122875
0.00203625
0.00213625
0.00173125
0.0020075
0.00191375
0.00196125
0.0021225
0.00179375
0.00182875
0.00201375
0.0018175
0.00153
0.0020925
0.00162375
0.00171625
0.00219125
0.00162875
0.0018525
0.001895
0.00101375
0.00128375
0.001995
0.00228625
0.00174
0.0015875
0.00168125
0.001665
0.00156
0.0022525
0.00154
0.0021625
0.00182
0.0018575
0.00157125
0.0019875
0.00157125
0.0016575
0.0018225
0.00208625
0.00184125
0.0021175
0.0014525
0.00200875
0.00199125
0.00209625
0.00170375
0.00202125
0.0018075
0.00200625
0.0017475
0.001895
0.0022075
0.00176875
0.00189375
0.00163375
0.00158375
0.00230375
0.00185125
0.001245
0.0022175
0.00165625
0.0018975
0.0019325
0.00152375
0.00176625
0.00196875
0.00175875
0.00173375
0.001425
0.00233625
0.0014425
0.00176875
0.0018225
0.0017125
0.0020125
0.00221125
0.001855
0.00190125
0.00100375
0.00208125
0.00154875
0.0017675
0.00193125
0.0021375
0.0021225
0.002345
0.0019125
0.0017625
0.0018575
0.00168125
0.0022375
0.00155625
0.001865
0.00206625
0.001935
0.0016125
0.001175
0.001705
0.00196625
0.00217875
0.0014025
0.0024825
0.00171
0.00174625
0.0016275
0.00154375
0.00132875
0.0021825
0.0016825
0.001895
0.001895
0.00213625
0.00217375
0.00187375
0.0022825
0.00189875
0.0022925
0.001875
0.00153125
0.00127875
0.00195375
0.00159375
0.00160125
0.002065
0.00167125
0.00129125
0.0014275
0.001905
0.0020425
0.0021825
0.0019925
0.00228
0.00217
0.00185
0.00208875
0.00211375
0.0016775
0.001895
0.00189625
0.00134375
0.002145
0.00216875
0.001625
0.0018875
0.00179625
0.00181625
0.0021375
0.001705
0.0017725
0.00211875
0.00174875
0.0022925
0.00161125
0.002105
0.0017375
0.00183375
0.001985
0.0019075
0.0021
0.00144625
0.00197375
0.00162
0.00154875
0.001845
0.00201
0.00138125
0.00164375
0.0016475
0.00131375
0.0018775
0.001505
0.00208625
0.00112125
0.0013775
0.00187375
0.00168875
0.00142375
0.00182375
0.001845
0.00164125
0.00209625
0.001735
0.00141
0.00185625
0.00193625
0.00182375
0.00219375
0.00185
0.00214375
0.00228375
0.00161125
0.00162375
0.00181625
0.00181375
0.001955
0.0016475
0.00223125
0.00148625
0.002435
0.00201375
0.001655
0.00103125
0.002
0.0020725
0.00167625
0.00174625
0.00176625
0.0019075
0.00195
0.001675
0.00191625
0.00201
0.00116
0.00190875
0.00147625
0.00183375
0.0018725
0.00193375
0.00187125
0.001685
0.00187125
0.0016275
0.00168625
0.00161625
0.00186625
0.00196625
0.00193
0.00161
0.00155875
0.00209625
0.00211625
0.00214625
0.00191625
0.00231625
0.00199375
0.00170625
0.001505
0.0015975
0.00119
0.002295
0.0020125
0.0018025
0.00178375
0.00147625
0.00226125
0.00143625
0.0016625
0.00210125
0.00200375
0.0015325
0.0012475
0.0018
0.0015625
0.00197625
0.001605
0.0017
0.001505
0.0015125
0.00159125
0.00194125
0.00180875
0.00163
0.00161375
0.00171375
0.00174625
0.001955
0.00177875
0.0015275
0.001925
0.001655
0.0017675
0.00159625
0.0015825
0.0017225
0.00184125
0.0019175
0.00157
0.00184875
0.0021575
0.00171
0.0023475
0.0018925
0.00186875
0.0019
0.00166625
0.00178375
0.00175
0.00183125
0.00216125
0.0015
0.00162125
0.0023775
0.00204
0.00159875
0.0019575
0.00214125
0.0016775
0.0014625
0.00165125
0.00187875
0.00196125
0.00217375
0.00171
0.00156875
0.00204
0.00177875
0.00230875
0.00167625
0.001865
0.00210375
0.002065
0.0017825
0.00188375
0.0021
0.00133125
0.00149875
0.0017725
0.00208
0.0020675
0.00170875
0.0018
0.00181125
0.00163125
0.0018275
0.00185875
0.0020475
0.00208875
0.0019225
0.00183
0.0015925
0.0019325
0.00172875
0.00175625
0.00159
0.00180625
0.00195625
0.00181875
0.0017125
0.00161875
0.0014125
0.0015775
0.0014225
0.00187625
0.002035
0.0015825
0.00215
0.00184875
0.00213
0.0016375
0.00180125
0.00170125
0.001925
0.0016325
0.00199375
0.00182625
0.0014575
0.001935
0.00180625
0.00197125
0.002095
0.0018425
0.00186375
0.00173625
0.00230875
0.00153375
0.00131
0.00174625
0.0018075
0.00152375
0.00197625
0.00178
0.00185375
0.0019725
0.00159625
0.001765
0.0021725
0.001985
0.0017325
0.0018175
0.001655
0.00142375
0.00150125
0.00183875
0.00168375
0.001785
0.00226875
0.00193
0.00220625
0.0018125
0.00223375
0.00183875
0.0016575
0.00236125
0.00189125
0.00148
0.002165
0.00170625
0.00232
0.00205
0.001905
0.00152375
0.00194125
0.0016775
0.00196125
0.00166125
0.00164875
0.00178375
0.0019875
0.00168375
0.0020225
0.00177125
0.00162875
0.001575
0.001535
0.00175875
0.00160375
0.00192
0.00228
0.00216
0.00210375
0.00165625
0.00183125
0.00194625
0.0018625
0.0018125
0.0018375
0.00180125
0.0015325
0.00175
0.00193
0.00177875
0.0015675
0.0013475
0.00153625
0.00176
0.00181
0.0020325
0.00174125
0.00187375
0.0021175
0.0016175
0.002355
0.001955
0.0014725
0.00174
0.0012875
0.00219375
0.00201625
0.001635
0.00188375
0.00213875
0.00160875
0.00178875
0.00140875
0.00222
0.001765
0.00172125
0.00163125
0.0017775
0.00144625
0.00188875
0.0017875
0.00133
0.0019175
0.00187625
0.00164375
0.00179375
0.00202625
0.00229375
0.00143125
0.00223875
0.00179
0.00174875
0.00207
0.00160375
0.00151625
0.00155375
0.0018
0.001985
0.0018925
0.0015725
0.00168
0.0020375
0.00193375
0.00161375
0.00152375
0.00171625
0.0019075
0.00219125
0.00213
0.001315
0.0017325
0.0020425
0.00170125
0.00213
0.00189125
0.00194
0.00178
0.00184625
0.0016575
0.0015475
0.0016575
0.00188625
0.001975
0.00173375
0.00213625
0.001735
0.001975
0.00194375
0.0017675
0.001495
0.00160875
0.0017225
0.00127375
0.00180625
0.00134125
0.00174
0.0018175
0.00197625
0.00203875
0.001755
0.0021125
0.00125875
0.00199875
0.00176375
0.00157875
0.001735
0.00190375
0.0016925
0.00173875
0.001485
0.00173875
0.00175875
0.001675
0.00149375
0.0015275
0.001625
0.00186
0.001735
0.00182625
0.002
0.00199875
0.00202125
0.00193125
0.00185375
0.00155125
0.00165
0.001575
0.0017575
0.00151
0.0018275
0.00219125
0.0017225
0.00183375
0.0016475
0.001715
0.0018975
0.0022075
0.0018825
0.00115375
0.0021625
0.00183375
0.00194
0.00207375
0.0018125
0.00161125
0.0017375
0.0019525
0.001905
0.00212
0.00178375
0.00235
0.0018975
0.00196125
0.00203875
0.0018125
0.00164125
0.0014875
0.00185125
0.00198375
0.00225125
0.00183625
0.00163
0.00193125
0.00164875
0.00173
0.00194125
0.00197
0.0018325
0.0018325
0.00159875
0.00136
0.00163875
0.00157875
0.001835
0.00157375
0.0022975
0.00198125
0.001565
0.00188875
0.00212
0.0026
0.00161625
0.001985
0.0020575
0.0019375
0.00169375
0.00192125
0.00198625
0.001695
0.0019225
0.00150125
0.0018725
0.00169375
0.00181625
0.00186625
0.00226875
0.00217375
0.00208875
0.00172125
0.0021825
0.00189875
0.00179
0.00214125
0.001865
0.00202
0.00201625
0.00208
0.00153125
0.00202125
0.0022625
0.00164625
0.0016125
0.00208125
0.0017675
0.00188125
0.0013625
0.00208875
0.0019825
0.0021975
0.00147625
0.00198625
0.0018175
0.00236875
0.00138125
0.00160875
0.0015525
0.00174125
0.00223375
0.00184875
0.00169
0.00189875
0.0018975
0.00261875
0.002095
0.00191125
0.00195375
0.0020275
0.00178125
0.00195125
0.00157125
0.00206375
0.00141625
0.00184125
0.00171625
0.0019025
0.00233125
0.00163625
0.00129375
0.001895
0.00166
0.00199
0.00147875
0.00168
0.00223
0.00175375
0.00178
0.00135
0.00186875
0.00152125
0.0016
0.00156125
0.0018075
0.00178625
0.0015275
0.00244125
0.00189
0.0019225
0.00149375
0.00197875
0.002495
0.00180125
0.00243125
0.00179875
0.002
0.00174875
0.00221875
0.00159875
0.00208875
0.00159125
0.00232125
0.00166625
0.00189375
0.00208375
0.0012525
0.00138125
0.0015725
0.00226875
0.0016725
0.00209625
0.00173625
0.00181625
0.00199
0.00164875
0.00162375
0.00193125
0.0020075
0.002035
0.00183
0.0018875
0.001665
0.00141375
0.00150875
0.001405
0.00177625
0.00222
0.00199625
0.00166625
0.00187375
0.00153125
0.001765
0.0021875
0.0022425
0.001535
0.001375
0.0020975
0.00200875
0.00149125
0.001785
0.0015275
0.00210375
0.00177875
0.00202875
0.0017675
0.00187
0.001855
0.0020725
0.00266875
0.00186
0.0017575
0.00220375
0.0020325
0.0017225
0.00172625
0.001805
0.001575
0.0014225
0.00193625
0.00189875
0.0018025
0.00182
0.00181875
0.0016275
0.00189625
0.00112625
0.00168
0.00196625
0.002425
0.0016825
0.00212625
0.00167875
0.0015875
0.0015975
0.00164375
0.0019525
0.0016025
0.001755
0.0018225
0.00162
0.001805
0.00201
0.00206
0.0018425
0.0018775
0.00179
0.00201375
0.0017825
0.0022175
0.00195375
0.001825
0.00173125
0.00150625
0.001245
0.00192
0.001935
0.0016325
0.00171125
0.001615
0.00190875
0.00204
0.00148
0.00226125
0.0018275
0.00174125
0.0019325
0.00178375
0.001575
0.00171625
0.00124625
0.0014725
0.00179375
0.00225875
0.00192625
0.00159375
0.002025
0.0023575
0.0019575
0.00158125
0.001655
0.00183625
0.00162
0.0019525
0.00198625
0.00204375
0.00227375
0.0021125
0.0019125
0.00170875
0.00147875
0.00175125
0.0018575
0.00188625
0.00194
0.00156
0.00185
0.0020825
0.001725
0.0019875
0.00201875
0.00211125
0.0019125
0.00178
0.00210875
0.001605
0.00165
0.0017225
0.00195
0.001845
0.00188875
0.00158125
0.001385
0.0015625
0.00150625
0.00187875
0.00164875
0.00186125
0.00247375
0.0023875
0.00170875
0.00178625
0.00179125
0.0019475
0.00156875
0.00204375
0.0024675
0.00159875
0.001755
0.00182375
0.00215625
0.00181625
0.00206375
0.0014025
0.00195625
0.00188875
0.001955
0.00135625
0.00223625
0.00214125
0.0015825
0.00212875
0.0019625
0.00167875
0.00181
0.00218125
0.001675
0.0015575
0.002115
0.00185625
0.0017225
0.002145
0.0018025
0.001395
0.0018325
0.00157875
0.0017725
0.00189125
0.00144375
0.00130375
0.00208
0.00176
0.0018025
0.00180125
0.00089375
0.0019475
0.001415
0.00161625
0.00171875
0.0015925
0.00204
0.0018325
0.0020525
0.00182125
0.0015575
0.0015125
0.0014575
0.00182625
0.00224875
0.00177375
0.001655
0.0021475
0.0020375
0.00211
0.0019675
0.0020875
0.002065
0.00184375
0.00189875
0.00167125
0.00200375
0.00156
0.00206625
0.00172375
0.00152
0.00188125
0.0019125
0.00194
0.00183875
0.00137
0.00187125
0.001655
0.00203125
0.0018025
0.0014575
0.00202125
0.00161
0.002165
0.0020375
0.00173125
0.00214375
0.00195
0.0016475
0.001905
0.001775
0.00164
0.00191875
0.00179625
0.00161625
0.001155
0.00224125
0.00137625
0.00201875
0.0017275
0.0019975
0.001605
0.001515
0.0016725
0.00197125
0.001935
0.0013725
0.00136625
0.00173125
0.00152
0.00165625
0.00128625
0.0019825
0.00169125
0.00191875
0.00167125
0.001765
0.00183125
0.00222625
0.00178125
0.0021325
0.0021325
0.0022
0.001415
0.00194
0.00188375
0.001475
0.00142625
0.00219625
0.0019625
0.00185375
0.0014425
0.00172
0.00191125
0.00188125
0.00202
0.00131625
0.00198125
0.00166
0.0018775
0.0013325
0.00208875
0.00196875
0.0018225
0.00146375
0.00208625
0.00188
0.00169
0.00129625
0.00190625
0.001715
0.001785
0.00213125
0.00157375
0.00167625
0.00169
0.00182625
0.00133875
0.00197875
0.0020875
0.0020725
0.00217
0.00157625
0.00190125
0.00154125
0.0016325
0.0018025
0.001825
0.00171625
0.00177125
0.00168
0.00166625
0.00208875
0.00150375
0.0018575
0.00140875
0.00186875
0.0017175
0.001885
0.00173125
0.0018775
0.00217125
0.0016575
0.00240125
0.00194625
0.00197
0.001635
0.0017125
0.00160125
0.00207875
0.001675
0.001805
0.002045
0.00195125
0.0022625
0.0017875
0.0015175
0.00191625
0.00193625
0.00166
0.00199125
0.0019175
0.00163625
0.00220625
0.00132875
0.00178375
0.0017575
0.0020475
0.00193875
0.0013075
0.0020175
0.0017875
0.00211
0.00203875
0.00163625
0.0022175
0.001665
0.00199375
0.00193
0.0017825
0.00155625
0.00195625
0.00183125
0.00202625
0.00197375
0.00216125
0.0016775
0.001945
0.001765
0.00132375
0.00197625
0.00196625
0.001925
0.00162625
0.0017525
0.0016575
0.00161
0.00183625
0.002115
0.001625
0.0021425
0.00163375
0.00226375
0.0016825
0.00182
0.00170375
0.00187
0.00181125
0.00196875
0.00213
0.00205375
0.0024
0.0016925
0.00148375
0.0012625
0.00196625
0.0017875
0.00194625
0.00175625
0.0016525
0.00137375
0.0015425
0.0018825
0.0024575
0.0024625
0.001715
0.0021825
0.00206875
0.001445
0.00171375
0.00185
0.00201125
0.0017425
0.001745
0.00171875
0.002145
0.00178
0.00176125
0.00207875
0.00217375
0.00145125
0.00176125
0.00154875
0.00156875
0.00183
0.00193875
0.0018975
0.00195
0.00153375
0.00227375
0.00198625
0.00205375
0.00204125
0.00149875
0.0017025
0.0021025
0.00168625
0.0018625
0.00131625
0.00166625
0.001655
0.00175875
0.00186
0.00205125
0.00146875
0.0019025
0.0017675
0.00198875
0.001785
0.0015825
0.00201375
0.0018225
0.0017225
0.00212625
0.001885
0.00142875
0.00193
0.0014725
0.00184875
0.00168125
0.00245375
0.00195125
0.0021425
0.001885
0.0018675
0.00191875
0.00200125
0.00180375
0.00138875
0.00176
0.0015675
0.001765
0.0018825
0.001885
0.0012475
0.00141875
0.00214375
0.001875
0.00212125
0.0019575
0.0016975
0.00140625
0.00177125
0.00134875
0.00206875
0.0018675
0.0019875
0.0013175
0.00158375
0.0014525
0.00163875
0.0019975
0.00232875
0.00196375
0.00187125
0.00210875
0.0018575
0.00201375
0.00188125
0.00200125
0.00223375
0.00174625
0.0017425
0.0016225
0.00175125
0.00185375
0.0020075
0.00234625
0.0018175
0.00204125
0.00176
0.0023175
0.00148125
0.00202375
0.00204
0.0019325
0.00193
0.00187125
0.0015775
0.00128
0.0019675
0.0021925
0.00197875
0.00206
0.0018975
0.00163875
0.00206125
0.00228125
0.00172875
0.00112
0.001825
0.00183875
0.00169125
0.00154125
0.0019975
0.00250625
0.0017175
0.0019025
0.00146
0.0020675
0.00166375
0.00194
0.00228
0.00191125
0.00189
0.00156375
0.0016475
0.00180125
0.0022375
0.0016125
0.00192125
0.00194625
0.0017425
0.00215
0.002105
0.002005
0.002515
0.00166125
0.00191375
0.0019475
0.00211
0.00213
0.00227125
0.0023325
0.00160125
0.0015475
0.00185875
0.00157375
0.00182875
0.0015125
0.00176125
0.00144875
0.00213625
0.00195125
0.00164875
0.0012225
0.0020975
0.00189625
0.00185375
0.00187875
0.0012975
0.00193625
0.00167
0.00189625
0.00225625
0.00165
0.0015725
0.0016
0.0019
0.00197625
0.00161375
0.00209625
0.00175375
0.00198875
0.00141125
0.00198
0.00184875
0.0016875
0.0015075
0.00178875
0.001805
0.0018475
0.00169875
0.00200375
0.00137
0.00165375
0.00171125
0.00187
0.002135
0.00180875
0.00155875
0.00164875
0.002055
0.00159
0.00186
0.00209125
0.00200625
0.00240125
0.00217
0.00224375
0.0021675
0.0016825
0.0019275
0.00218
0.001295
0.00193
0.00169375
0.00176
0.00190875
0.00173125
0.00172
0.0018475
0.0018575
0.00229625
0.00194625
0.00193125
0.00166875
0.0018075
0.0019325
0.00159
0.00196375
0.0018025
0.00180375
0.001885
0.00130875
0.00144375
0.0022875
0.0021375
0.00137375
0.00153
0.0021
0.0016525
0.00165625
0.0018875
0.00200375
0.00187875
0.0021125
0.00192125
0.0018475
0.00118875
0.0018875
0.0016475
0.0017
0.0015
0.001645
0.001625
0.0020275
0.00175875
0.00216625
0.0020625
0.00198625
0.00177125
0.00240625
0.00208375
0.00147125
0.00168875
0.00156875
0.0016875
0.00217875
0.002395
0.0020025
0.00198875
0.0018825
0.00192
0.00148125
0.0017225
0.001765
0.002095
0.0016175
0.00154125
0.0019625
0.00206875
0.0017975
0.002245
0.001275
0.001635
0.001465
0.00162375
0.00195625
0.0015625
0.00149875
0.00206625
0.0018875
0.0018475
0.001745
0.00192375
0.00224125
0.002305
0.00182625
0.001695
0.001945
0.0017475
0.00161625
0.002275
0.00195375
0.00211
0.00157
0.001375
0.00196625
0.00190625
0.00189125
0.00156625
0.00191
0.00183
0.00190625
0.0020575
0.0014475
0.0018425
0.0023675
0.0021925
0.00144625
0.00161125
0.00203125
0.00171125
0.00162625
0.0016625
0.001745
0.00194125
0.00191375
0.00209125
0.00190375
0.0017725
0.00194875
0.00144125
0.00175125
0.0019525
0.00216125
0.00203
0.002135
0.0017725
0.00183625
0.001675
0.0017875
0.001835
0.00167625
0.0020275
0.00186
0.0022975
0.0010825
0.00142375
0.00180625
0.00211
0.00113625
0.00166625
0.00179125
0.001835
0.00219
0.00110125
0.0016225
0.001575
0.00187375
0.002115
0.002035
0.00214125
0.0018225
0.00187875
0.00178
0.00191875
0.00190125
0.00132875
0.00164625
0.00163375
0.00217625
0.0023275
0.001455
0.00187625
0.00193375
0.00182625
0.0013875
0.00186875
0.00206875
0.00203
0.0022075
0.00163375
0.001615
0.00206125
0.00192375
0.001995
0.0016775
0.00167875
0.0016975
0.0014275
0.00166125
0.001585
0.00177375
0.00178625
0.00178875
0.00194875
0.001395
0.00204375
0.0018
0.0015925
0.00179875
0.00188125
0.001575
0.0014875
0.00156875
0.0019925
0.00163125
0.0014825
0.001895
0.00204125
0.00182625
0.001565
0.00228875
0.002
0.001905
0.00199
0.001715
0.00219875
0.0024275
0.0018025
0.0013125
0.00172875
0.00195
0.00164125
0.0018725
0.0015825
0.001765
0.00195875
0.00188375
0.00116625
0.00159625
0.00197
0.00210875
0.0017625
0.00188125
0.001795
0.001415
0.00162875
0.00130125
0.0013025
0.00173375
0.00192625
0.00179375
0.00190875
0.001505
0.0020425
0.00195875
0.0013775
0.0016875
0.00174875
0.0020275
0.00239625
0.00146875
0.00199625
0.001545
0.00129875
0.0023
0.001765
0.0015025
0.00209875
0.00157625
0.0019675
0.0016925
0.00186875
0.00185625
0.001595
0.0019925
0.00170875
0.002075
0.00212875
0.00184
0.00167
0.00181125
0.00191
0.00161
0.00209625
0.0019575
0.00208125
0.00214125
0.00185
0.00144
0.00173
0.00189375
0.001605
0.00187625
0.00153375
0.00179
0.00199125
0.00161375
0.0019575
0.00185375
0.00233625
0.00196875
0.0016975
0.0021525
0.00174625
0.00191875
0.00164875
0.0014225
0.001905
0.00224125
0.00169375
0.00203625
0.0016925
0.001865
0.0015125
0.0019175
0.0017175
0.0018075
0.0020075
0.0020975
0.00185125
0.0016575
0.0016
0.0013975
0.00189
0.00163375
0.00211875
0.0015075
0.00173875
0.00146625
0.0019475
0.00162125
0.0014075
0.001755
0.00213375
0.001825
0.00187875
0.001785
0.00223125
0.00177875
0.0021225
0.0017475
0.0018875
0.0017325
0.001475
0.001695
0.0014525
0.00153625
0.0019025
0.002085
0.00218375
0.0013525
0.00189375
0.0014975
0.0017325
0.00190125
0.00192
0.00190125
0.00166875
0.00153375
0.00173625
0.001795
0.00179375
0.00211375
0.00186375
0.00165
0.002095
0.002485
0.00223125
0.00190125
0.00157375
0.00225875
0.00235
0.00174875
0.00193
0.00183375
0.00164625
0.0019775
0.002275
0.0015975
0.002045
0.001635
0.001625
0.0019725
0.00137
0.00201125
0.00192125
0.00200125
0.00206
0.00168625
0.00233125
0.002035
0.0018125
0.001695
0.00190375
0.0018075
0.00192125
0.0017475
0.001605
0.0016925
0.001455
0.00164625
0.00182
0.001545
0.00191
0.0018875
0.00138375
0.00194625
0.00183875
0.00164125
0.001885
0.00204
0.00216875
0.00194125
0.00156875
0.0020725
0.00195375
0.00174375
0.00154
0.0015425
0.0014125
0.00195125
0.00181625
0.00191125
0.00212375
0.00179125
0.0019225
0.001925
0.00226375
0.00117625
0.00227375
0.001605
0.002065
0.00110375
0.00212625
0.0016375
0.0020725
0.00172875
0.00191125
0.00224
0.002255
0.00220875
0.0016925
0.00197
0.001865
0.0018975
0.0023725
0.0017375
0.001775
0.0017675
0.0019225
0.00185625
0.0018525
0.002125
0.0016825
0.00183875
0.00187625
0.0021225
0.00186625
0.00181875
0.00195625
0.00187125
0.00167
0.0015525
0.00190375
0.00189875
0.00169875
0.00183125
0.00162
0.0016125
0.00195125
0.00139875
0.00204875
0.00187875
0.001355
0.0018575
0.00161875
0.002475
0.00179
0.0017675
0.0011825
0.00191875
0.0019275
0.00207125
0.00156
0.0018875
0.0017775
0.0025975
0.00201375
0.00179875
0.00180625
0.001855
0.00170125
0.00211
0.00212875
0.002125
0.00217625
0.00204875
0.001695
0.0015
0.00192375
0.00205375
0.00191125
0.00137625
0.00184375
0.00173125
0.00146125
0.00181125
0.00181625
0.00183375
0.00142875
0.00165125
0.00185
0.00176
0.00164625
0.00210875
0.00187875
0.001605
0.00219125
0.00143375
0.00184125
0.00148
0.00185
0.0023775
0.0018575
0.0018625
0.001325
0.00177375
0.0021525
0.00187125
0.0015775
0.00206875
0.00164875
0.0017975
0.00155875
0.00159875
0.00169375
0.00217
0.0016975
0.00216625
0.0021325
0.0023525
0.002125
0.00119125
0.00173875
0.00167
0.0016875
0.0020525
0.00141625
0.00166125
0.0019425
0.00136
0.0017175
0.00205875
0.00162625
0.00205125
0.00205
0.00179125
0.00143125
0.0017125
0.001865
0.00201625
0.0014025
0.001645
0.001695
0.001705
0.0016975
0.00187
0.0014925
0.00145125
0.0015525
0.00199875
0.00216875
0.001855
0.00210875
0.00174
0.00156875
0.001395
0.00218
0.001695
0.002125
0.00226
0.00207125
0.00157625
0.00172875
0.00192
0.0012875
0.00179375
0.0019175
0.00214
0.0021625
0.001725
0.002035
0.001655
0.001815
0.0016325
0.0016575
0.00196125
0.00237375
0.0016275
0.00126625
0.0020225
0.001725
0.00161125
0.001895
0.0018675
0.00176375
0.00191
0.00178
0.00203625
0.00140375
0.00178
0.0014475
0.00186625
0.00242125
0.00188125
0.0019625
0.00198875
0.00172
0.00176625
0.00150125
0.00197875
0.001515
0.00228375
0.00181125
0.0020275
0.00148875
0.0016375
0.00166875
0.001465
0.0018
0.001425
0.00199375
0.0019525
0.00191625
0.00182625
0.00181375
0.0015625
0.00209375
0.0017175
0.00187375
0.00196875
0.00173125
0.0013725
0.00157375
0.001905
0.002305
0.002185
0.00173125
0.00146
0.00138125
0.002285
0.00194
0.0012575
0.00149875
0.00159625
0.00194625
0.00171375
0.0019675
0.00170625
0.00192625
0.0017175
0.0016125
0.00204875
0.00230375
0.00234
0.00173375
0.00174625
0.00187875
0.00163625
0.00153125
0.0019375
0.00207
0.0016775
0.0015375
0.00118875
0.0019175
0.002295
0.00175125
0.0018875
0.00168875
0.00188875
0.00226
0.00205625
0.00213125
0.00149125
0.0018275
0.00174875
0.00194875
0.002085
0.0016775
0.00172375
0.0020025
0.00214
0.00175
0.00193
0.00214625
0.00188
0.00206875
0.0016
0.00181
0.0018525
0.00205625
0.00170625
0.00150125
0.00196125
0.001785
0.00161875
0.0018675
0.00157
0.00239125
0.001585
0.00167625
0.00197
0.00182875
0.0021675
0.001425
0.001895
0.0015275
0.00137875
0.002055
0.00181625
0.00167375
0.00186
0.0018125
0.0023325
0.002005
0.00134
0.00215125
0.00191625
0.0019
0.0020575
0.00190875
0.0015475
0.00157125
0.00174125
0.00145875
0.00190375
0.00200375
0.00215125
0.00216875
0.00172375
0.0023875
0.001265
0.00194375
0.00188875
0.0016875
0.001795
0.00174375
0.0020225
0.0018325
0.001755
0.00165375
0.00185625
0.0017875
0.0018375
0.00179625
0.00169125
0.00206625
0.00143375
0.00153125
0.0019325
0.0011925
0.00194875
0.00172375
0.00162875
0.001645
0.00163125
0.0018125
0.00155125
0.00175125
0.0017725
0.002045
0.0015225
0.00169375
0.0019425
0.00209375
0.0014025
0.00208625
0.00153375
0.00173625
0.00211625
0.0015975
0.0018775
0.0021875
0.00209125
0.00229
0.0019275
0.00205875
0.00183625
0.00182
0.00168875
0.00190375
0.00184375
0.0014775
0.0017
0.00177875
0.0018725
0.0013125
0.00156
0.0018625
0.00214
0.001795
0.0020975
0.00150125
0.00194
0.00169875
0.00197875
0.00187375
0.00160625
0.00185
0.00179875
0.0018375
0.002
0.0017925
0.00204375
0.00170375
0.00159625
0.0019225
0.00169375
0.002215
0.0018775
0.00174125
0.0015775
0.00208625
0.00183375
0.0019125
0.00197375
0.00178
0.00196625
0.00190625
0.00211375
0.00179875
0.00152
0.001525
0.00200875
0.0017175
0.001745
0.00161625
0.00169625
0.00182625
0.00168375
0.00211875
0.0019875
0.001575
0.0015625
0.002435
0.002205
0.00213125
0.00205375
0.00184125
0.0019275
0.00202375
0.00218125
0.00188875
0.00201625
0.00158875
0.00190875
0.00141
0.00248125
0.00242375
0.0020225
0.002015
0.00153625
0.00212
0.00157375
0.00170375
0.00172375
0.0021625
0.00167125
0.0016625
0.00212
0.00220625
0.00249
0.00157
0.0013725
0.0018025
0.0017925
0.0020275
0.00180375
0.001905
0.00158625
0.001995
0.00174375
0.00168375
0.00219875
0.001775
0.00185875
0.00179125
0.0019875
0.001855
0.00186125
0.00216375
0.0021925
0.00181625
0.00159125
0.00182
0.0020425
0.0013425
0.00214
0.00161625
0.00172875
0.00213625
0.0016025
0.0017525
0.001885
0.0017025
0.0015825
0.001935
0.00199375
0.0019675
0.0019725
0.00170125
0.00149
0.00147875
0.001315
0.0016175
0.0018
0.0016225
0.00192125
0.001815
0.00231375
0.0016775
0.002105
0.00158375
0.00173125
0.001525
0.00156875
0.0020075
0.0023525
0.00214125
0.002145
0.00185875
0.0019625
0.00126875
0.00162375
0.001995
0.00217125
0.00204625
0.002685
0.00125625
0.00192875
0.00196875
0.00168125
0.0018
0.00186125
0.002325
0.00171125
0.0019325
0.00156125
0.00168125
0.00168
0.001705
0.0023825
0.00160875
0.0017975
0.00138625
0.0019575
0.0017725
0.0019425
0.00190375
0.00171875
0.0016825
0.00199
0.00199875
0.00240125
0.0016525
0.0017025
0.00163875
0.00221125
0.00182125
0.00178625
0.001755
0.00180625
0.0023525
0.00172625
0.00150375
0.00167125
0.001805
0.00180625
0.00187
0.0015175
0.00193
0.00183875
0.0020925
0.00182
0.00197375
0.00190875
0.00184125
0.00201
0.00187875
0.0015475
0.00205125
0.0015675
0.00205
0.0020325
0.00171625
0.0019125
0.00166875
0.00162625
0.00196875
0.00172375
0.00230375
0.00197375
0.0014525
0.00175875
0.00218375
0.002025
0.00176375
0.00223125
0.001725
0.00156375
0.00202875
0.001915
0.00186125
0.00212
0.002205
0.002065
0.00129
0.002
0.00159375
0.00185125
0.00182125
0.00165625
0.00153125
0.00154125
0.0019775
0.00210125
0.00187625
0.001905
0.0017625
0.00227375
0.00180875
0.00197125
0.00195375
0.0019725
0.00198
0.0014325
0.00174875
0.0021925
0.00171875
0.00191875
0.001695
0.00206375
0.00160375
0.00180125
0.00153375
0.00161375
0.0017175
0.00193375
0.0015775
0.00182625
0.0018525
0.00184875
0.00177625
0.00167375
0.00157625
0.00183
0.0017275
0.001815
0.0018975
0.002075
0.00159625
0.00208
0.0018775
0.002165
0.00182875
0.00235375
0.00187625
0.0012725
0.00175375
0.0019425
0.00162375
0.00217
0.00153875
0.00182
0.00194625
0.0020775
0.00167375
0.0020825
0.00166125
0.00216625
0.00120875
0.001645
0.0016275
0.0015775
0.00172
0.001905
0.00190125
0.00158875
0.00218375
0.00202125
0.00162
0.00202
0.00202375
0.0017225
0.00165375
0.00203125
0.00150875
0.00171
0.002005
0.001555
0.00181125
0.00214375
0.0016225
0.001935
0.00200875
0.0014925
0.00174125
0.00208625
0.00206125
0.001735
0.00164625
0.00221375
0.0016375
0.00162625
0.0017725
0.001725
0.00179125
0.00187
0.00211625
0.00171875
0.00192
0.00229875
0.00185625
0.00196875
0.00148875
0.00226
0.00115875
0.00170875
0.00140125
0.0018575
0.00211375
0.001645
0.00185875
0.00169
0.0019225
0.001955
0.00113375
0.00164625
0.00177375
0.001935
0.00163625
0.00183375
0.0016425
0.002085
0.00206625
0.00240125
0.0017275
0.0019
0.001865
0.00250625
0.00223375
0.0017825
0.00169625
0.0015425
0.00175
0.00175
0.0018175
0.00178375
0.00203
0.0019575
0.0022025
0.0023075
0.00168875
0.00162875
0.0018875
0.0017925
0.00216375
0.0013975
0.00214125
0.00200125
0.00196625
0.001835
0.00179625
0.001865
0.00161375
0.00211
0.00181375
0.00192625
0.00182875
0.00171
0.00207875
0.00186875
0.0015925
0.0014275
0.00161875
0.00190875
0.00174125
0.00171625
0.00164125
0.00209375
0.00164625
0.00176125
0.00189125
0.00217375
0.00203125
0.00176625
0.00169
0.00188875
0.00160875
0.00147375
0.00174375
0.00235
0.00199625
0.00183375
0.001295
0.00214625
0.00154375
0.00139625
0.001345
0.00189625
0.00154875
0.001745
0.00168625
0.00210125
0.0016625
0.001875
0.00180375
0.0019075
0.00209125
0.00164
0.00210875
0.001695
0.00215625
0.001925
0.0016875
0.00145375
0.00169375
0.00179875
0.00191
0.0020975
0.00176125
0.00175875
0.001745
0.0014425
0.00212625
0.00201875
0.00133625
0.00136625
0.001975
0.00165125
0.0020775
0.001825
0.00161875
0.00180875
0.00202375
0.0020425
0.002035
0.0018
0.0018875
0.00192
0.00154125
0.00197625
0.00192375
0.00215125
0.0016925
0.0014275
0.00205625
0.00137375
0.00167
0.0015825
0.002065
0.0017775
0.00168625
0.001975
0.00135875
0.00158375
0.00189875
0.0020975
0.0016525
0.00153875
0.0011625
0.00180125
0.002065
0.00201625
0.001305
0.00197
0.00154375
0.0017925
0.00163
0.00177625
0.00171
0.00186625
0.00174625
0.00184625
0.00221375
0.00166875
0.00182875
0.00124375
0.00159875
0.00159375
0.00211125
0.00174375
0.001885
0.0015025
0.00163625
0.0016425
0.00176125
0.0020825
0.00186625
0.0016575
0.00200875
0.001885
0.00175625
0.002255
0.00180875
0.00156375
0.00176875
0.00173625
0.001675
0.00121
0.00166375
0.00204375
0.00165875
0.00119375
0.0019525
0.00169375
0.00180875
0.001775
0.0019025
0.0011275
0.00167625
0.00197
0.00197875
0.0020675
0.00208125
0.00224
0.00202875
0.0022375
0.0019425
0.00159
0.00197
0.002025
0.00202625
0.00167125
0.001555
0.0020625
0.00212375
0.001515
0.0022325
0.0017575
0.00197125
0.00151
0.0019425
0.0018425
0.00162625
0.00195875
0.00189125
0.00167
0.00162625
0.00156
0.001885
0.00169625
0.0020825
0.0016075
0.001915
0.00144125
0.0018675
0.00120125
0.00178875
0.00196375
0.00195875
0.00174375
0.00109875
