0.00379875
0.00397875
0.004145
0.00362625
0.00396375
0.0039175
0.00311375
0.00307375
0.0036425
0.003175
0.00301
0.00329375
0.0039475
0.00365625
0.00406125
0.003835
0.00376125
0.0035
0.00304
0.00432375
0.0032225
0.00458125
0.00376625
0.0042875
0.003485
0.00333875
0.00403625
0.00360125
0.00388625
0.00350375
0.00408625
0.0044575
0.00335625
0.00383625
0.00399375
0.003765
0.00368625
0.00378
0.0047625
0.002945
0.0034575
0.00302125
0.0036925
0.00297375
0.0044775
0.00455625
0.00342875
0.00433125
0.004035
0.0038575
0.0034175
0.00382375
0.003875
0.00421625
0.0031925
0.003505
0.00331875
0.00300625
0.0043575
0.0034325
0.0030125
0.0037175
0.003585
0.0038975
0.0039
0.00426875
0.00373625
0.00320125
0.00405875
0.00364875
0.00337625
0.00346625
0.0039375
0.0035225
0.0034575
0.00344625
0.00376
0.00383375
0.003645
0.00326625
0.00319125
0.004095
0.00339625
0.0039775
0.00504125
0.00329625
0.00421
0.00321125
0.00368125
0.0043025
0.00390375
0.00289375
0.00407
0.004065
0.0036975
0.00406125
0.00354625
0.00345125
0.00335875
0.00341125
0.00398375
0.003695
0.00362875
0.004035
0.00406875
0.00310125
0.00332875
0.00439375
0.0041825
0.00445875
0.00478625
0.00406375
0.0036325
0.00378
0.0035575
0.00342375
0.00384125
0.00312625
0.00275625
0.00451125
0.00282
0.00411
0.00320125
0.00424375
0.00358625
0.00295625
0.00336375
0.00373375
0.0029375
0.004145
0.00313625
0.003855
0.00436625
0.00318125
0.0038125
0.0032425
0.0042525
0.0042175
0.00309375
0.00279625
0.00413125
0.0037325
0.00338125
0.0039025
0.00278
0.00408875
0.00336125
0.0043875
0.0037425
0.00347625
0.00388125
0.00439875
0.00326
0.0040875
0.0033875
0.0041475
0.00310875
0.00353625
0.00359875
0.00469
0.00356625
0.00333125
0.00428625
0.0038275
0.00256375
0.00418125
0.0033225
0.00467
0.003455
0.00412625
0.00361
0.0035
0.003285
0.0037225
0.00378875
0.00421
0.003545
0.002695
0.00335
0.0041575
0.0041025
0.00383875
0.00442625
0.00455875
0.0042075
0.003465
0.00326875
0.00392625
0.00409
0.0032025
0.003805
0.002785
0.0039725
0.00358375
0.00344625
0.00329
0.003575
0.00313125
0.0036575
0.003425
0.0029075
0.0029625
0.003905
0.004095
0.00406875
0.00347
0.003365
0.003975
0.004035
0.0042225
0.0041675
0.00378875
0.0036925
0.00332625
0.00346
0.00374375
0.00401875
0.0026975
0.00301375
0.00433125
0.00426375
0.0034525
0.00367875
0.00358125
0.00448625
0.00436875
0.00289625
0.00406
0.0043875
0.00343875
0.0037975
0.00401875
0.003775
0.0038025
0.00367
0.00314875
0.00396875
0.0038825
0.0036925
0.00473125
0.00361625
0.004015
0.0035275
0.0035725
0.00357875
0.0041775
0.004
0.004195
0.00358
0.00327125
0.00386375
0.00358875
0.00264625
0.00376125
0.0035675
0.003825
0.00375625
0.0047075
0.00392875
0.00276625
0.00399875
0.00386375
0.00487625
0.00443125
0.0037675
0.0039125
0.00401875
0.00378875
0.0040875
0.0031
0.00411125
0.00371375
0.0035075
0.004475
0.0040125
0.00328375
0.00339125
0.0028325
0.0039525
0.00372625
0.0040775
0.0033575
0.00353125
0.00335375
0.00366375
0.00316875
0.00413875
0.00358375
0.003865
0.0048675
0.003545
0.0034375
0.002785
0.00364
0.00446875
0.00334
0.00359875
0.00368625
0.0041575
0.003355
0.0033875
0.0039975
0.00377875
0.0030525
0.0042
0.00349
0.00338625
0.003955
0.003835
0.00367875
0.0038225
0.00456125
0.0038925
0.0029275
0.002445
0.00325
0.0038225
0.00359375
0.00342625
0.0039375
0.00401125
0.0046725
0.00354875
0.0043075
0.00322375
0.00305875
0.00351
0.00420625
0.0039325
0.00458375
0.00300875
0.0033125
0.00407
0.0037225
0.00353375
0.00474625
0.0032325
0.0030125
0.00363625
0.0043975
0.00343
0.0042225
0.00458375
0.003065
0.00319
0.00385125
0.0040025
0.0033375
0.0030175
0.004255
0.0043525
0.00331375
0.00412375
0.00346125
0.00384625
0.003785
0.00315125
0.004555
0.00311
0.00308125
0.0028425
0.00338
0.00330125
0.00396125
0.00286375
0.0037325
0.0043225
0.003625
0.00313125
0.00437625
0.0047375
0.005075
0.00341625
0.00379375
0.00352125
0.004215
0.00372625
0.0040175
0.00352375
0.0032375
0.00341
0.0031075
0.003525
0.004315
0.00454375
0.002565
0.0040325
0.0033125
0.003925
0.00400125
0.00330125
0.0039575
0.003285
0.00405125
0.0033425
0.00369875
0.003335
0.00375875
0.00334625
0.00378875
0.00487125
0.00267
0.00373
0.00373
0.0047987