0.00326875
0.00258
0.0036325
0.00251125
0.0028825
0.0021175
0.00231375
0.0036075
0.00366875
0.00356125
0.0034025
0.00370375
0.00305875
0.00366375
0.00285625
0.003585
0.0028475
0.00315375
0.0039675
0.00427125
0.002835
0.002745
0.00324125
0.00305625
0.00272125
0.00334875
0.00225875
0.00332
0.00266
0.00368
0.00374125
0.0022125
0.00200375
0.001775
0.00335
0.003405
0.00247625
0.00345625
0.00283875
0.0035525
0.0033675
0.00286875
0.002765
0.0034525
0.00335875
0.00270375
0.00349125
0.00247625
0.00513625
0.0029075
0.00416375
0.00286875
0.0037675
0.00246875
0.00442
0.002705
0.0027875
0.00208125
0.00329125
0.0045625
0.00382375
0.00261875
0.004095
0.003825
0.0029675
0.003155
0.00269875
0.003875
0.00314375
0.00340875
0.0041425
0.0025675
0.0030875
0.002865
0.00166625
0.00341375
0.00427625
0.00237125
0.004075
0.003375
0.003135
0.00397
0.00421625
0.00285875
0.00261375
0.00300875
0.0032925
0.00404125
0.00302125
0.00232875
0.003305
0.002775
0.002525
0.003075
0.00387375
0.00294875
0.00338625
0.00343625
0.0028625
0.00358125
0.00405
0.00279125
0.00324625
0.00261625
0.00391875
0.00298
0.0033575
0.004575
0.0033725
0.00361375
0.0030675
0.0032175
0.0040525
0.0031
0.00312875
0.0027175
0.0032875
0.00222125
0.00406125
0.00359875
0.0028575
0.0038375
0.00358625
0.00336875
0.00264625
0.0017275
0.00361625
0.002155
0.00296375
0.00402
0.00425125
0.00398875
0.0035625
0.00329375
0.003375
0.00275625
0.0038125
0.0035675
0.00411375
0.00390125
0.00279875
0.00384625
0.00345625
0.00273125
0.00284375
0.0038
0.0030725
0.00347875
0.00372625
0.002415
0.003115
0.0028175
0.0025175
0.00330125
0.0037275
0.0029675
0.00297375
0.00336
0.00298375
0.00262875
0.00267625
0.00342125
0.00279375
0.0035425
0.0035425
0.0038025
0.00387625
0.00343125
0.00321
0.00289875
0.00268125
0.00299375
0.00258375
0.00267125
0.00417875
0.00267125
0.0029875
0.004165
0.00319
0.0033125
0.00333125
0.0039275
0.0026875
0.00282375
0.00300625
0.00301875
0.0041375
0.00345625
0.00247625
0.0031325
0.00311625
0.00382625
0.00319
0.0026125
0.0026675
0.00371875
0.00289625
0.0030975
0.00328875
0.00377125
0.00359375
0.00131
0.0026775
0.00347875
0.00215875
0.00318125
0.0031425
0.00271125
0.00366625
0.00376625
0.0031725
0.004205
0.0026925
0.00297625
0.00286125
0.0024025
0.004335
0.00383
0.00248875
0.002415
0.00357375
0.00243375
0.0031175
0.002275
0.003425
0.00321875
0.003475
0.0040425
0.0031
0.00401
0.00245375
0.00299875
0.0018275
0.00297375
0.00325625
0.00301375
0.00340625
0.003365
0.0035625
0.0041425
0.00398125
0.0032975
0.0035625
0.00294625
0.00289
0.0031975
0.0034375
0.00297
0.0027725
0.00394875
0.00380625
0.00406125
0.00318125
0.0032475
0.00274625
0.00337375
0.00337625
0.00323125
0.00306375
0.00302
0.00304
0.004905
0.003525
0.003585
0.00315125
0.00353625
0.0029975
0.00276375
0.004335
0.00342625
0.00295875
0.00351
0.00208875
0.00332875
0.00306625
0.00286
0.00238125
0.0022425
0.003385
0.0035425
0.0036975
0.00363625
0.00264125
0.00434875
0.0031725
0.00378375
0.0027675
0.00286625
0.0041525
0.00333875
0.00241875
0.00297
0.00216875
0.00319625
0.00275375
0.0031675
0.0036125
0.00344375
0.002875
0.0024225
0.00242625
0.00359
0.00284375
0.00340625
0.00267375
0.0032925
0.002865
0.00292875
0.00286375
0.00323125
0.00310375
0.00237625
0.0032475
0.0036625
0.00301875
0.00252
0.0032825
0.0030925
0.0023225
0.00246375
0.002475
0.00237375
0.00382625
0.00316375
0.00348625
0.0033225
0.00394
0.00301
0.0037325
0.0030625
0.00333
0.0047025
0.00404125
0.0027575
0.00343
0.00350375
0.003575
0.0028825
0.003545
0.00389125
0.00327125
0.00346625
0.00307
0.003525
0.00318625
0.003115
0.00379125
0.00308875
0.002885
0.0029175
0.00395625
0.00396125
0.00349
0.0026475
0.00379875
0.0033925
0.00245375
0.00291125
0.0038575
0.00297875
0.00320125
0.0032425
0.003985
0.0032725
0.00328625
0.00321625
0.00354125
0.004005
0.00301125
0.00380375
0.0040625
0.00289375
0.0029575
0.00266625
0.00328875
0.0033975
0.00303375
0.00312125
0.003095
0.00328125
0.00288125
0.0033225
0.0026025
0.00313625
0.00387
0.0029325
0.00325625
0.00263125
0.0027475
0.00213875
0.002975
0.0013875
0.00312875
0.003385
0.00292
0.00271
0.0030925
0.00353875
0.0036675
0.0019425
0.0024925
0.00345875
0.002635
0.00377
0.00298875
0.00315
0.00358125
0.00398
0.0033725
0.0033225
0.00259625
0.00392875
0.004395
0.0026875
0.0025575
0.0027925
0.002995
0.004645
0.00317625
0.00238625
0.00402625
0.00246
0.00244875
0.00302875
0.003625
0.003305
0.0034025
0.00381875
0.00359375
0.00380375
0.00392625
0.00286375
0.00413625
0.00314625
0.00314
0.00257125
0.002865
0.00302125
0.003345
0.00329125
0.0031375
0.0034225
0.00262
0.00272125
0.00362125
0.0030925
0.0031275
0.00301875
0.00276375
0.003225
0.0026475
0.00392375
0.00341
0.00331875
0.0035575
0.00319125
0.003205
0.002795
0.0027825
0.0030625
0.002005
0.00384875
0.0034675
0.00381125
0.00347
0.00211375
0.0032875
0.002925
0.00367875
0.00339375
0.00286125
0.0040725
0.00306375
0.00211625
0.00293625
0.00275125
0.00291375
0.003115
0.003345
0.0030825
0.00233125
0.00269625
0.003335
0.00401375
0.00286125
0.00311125
0.00307375
0.00231875
0.0032975
0.00207
0.00341875
0.00316375
0.002995
0.00410125
0.0037375
0.00281375
0.00315
0.00395375
0.00237125
0.00283875
