0.0016625
0.00164875
0.00191875
0.0016225
0.001835
0.0019275
0.0022575
0.0019675
0.00172875
0.0015525
0.00144625
0.0020375
0.00191625
0.0015075
0.0016525
0.00165875
0.00124625
0.00204125
0.00155625
0.00237375
0.00257875
0.00192125
0.00194125
0.001775
0.0018375
0.00211875
0.00156375
0.00150875
0.00187875
0.0019525
0.0021475
0.00181125
0.00171625
0.001875
0.00157
0.00191
0.0019925
0.00134625
0.00173875
0.0017225
0.0016075
0.00212125
0.00196875
0.00160875
0.0018825
0.00111125
0.00192375
0.00187
0.0013525
0.00230375
0.00173625
0.0018075
0.00178625
0.00172375
0.00190625
0.0019425
0.00185625
0.0015375
0.0017875
0.00195375
0.00178375
0.0016675
0.00181875
0.0018875
0.00131125
0.0019175
0.0016375
0.00181375
0.0016425
0.00154125
0.0018875
0.00189875
0.00189875
0.00199375
0.0018925
0.00175125
0.00185875
0.001935
0.002095
0.00190625
0.0019
0.0014975
0.00148
0.0018175
0.00158875
0.0019275
0.00157
0.00139625
0.00157875
0.0015775
0.0018325
0.00136125
0.00177875
0.00177375
0.0026225
0.00158375
0.00127125
0.0018875
0.00175
0.00153
0.001685
0.00196
0.0019425
0.00177625
0.00201125
0.00225125
0.00204
0.00218875
0.00184625
0.00184375
0.00170125
0.001835
0.001745
0.00196125
0.00225375
0.001675
0.0019975
0.00246875
0.0019075
0.00172375
0.0020025
0.0020425
0.00204625
0.001695
0.00172125
0.00206625
0.0019525
0.0016175
0.00250375
0.00218125
0.00193375
0.00183625
0.00182125
0.001725
0.00162
0.00174625
0.001615
0.0013075
0.00177625
0.00128625
0.00208875
0.00143875
0.0021125
0.00223875
0.00198625
0.0018775
0.001765
0.00173625
0.002055
0.00161125
0.0015375
0.00188375
0.00159625
0.00175625
0.00188125
0.00208875
0.00180625
0.00146875
0.0018025
0.00164875
0.00177625
0.00186125
0.00158125
0.0018525
0.00170125
0.00189125
0.00204125
0.00201875
0.0016725
0.001755
0.0019425
0.0017375
0.0017225
0.0016975
0.001575
0.00183125
0.00210875
0.0015025
0.0019925
0.00165375
0.00205375
0.0023425
0.00136625
0.00135
0.0016775
0.0016625
0.00186
0.00172875
0.00193
0.00145375
0.00235375
0.00168
0.00170125
0.0018225
0.0017275
0.0018375
0.0015675
0.001425
0.00165625
0.00159625
0.0019125
0.00179625
0.0012875
0.00223375
0.00219375
0.00190875
0.0016625
0.00149375
0.002075
0.00175875
0.001495
0.00200125
0.00151875
0.00180375
0.00183875
0.001755
0.0018325
0.0017225
0.00164375
0.00180375
0.002145
0.0024475
0.00191625
0.0019375
0.00134
0.00201125
0.00138875
0.002115
0.00154875
0.00185
0.0016675
0.00214375
0.00162375
0.00155375
0.0023475
0.00194625
0.00168375
0.00201625
0.001985
0.00133
0.00205875
0.00179875
0.00157625
0.00173625
0.0019525
0.002105
0.00177125
0.00192125
0.00173125
0.0014925
0.00198875
0.00187125
0.00223625
0.00188875
0.00167375
0.00187625
0.0018925
0.0016075
0.0019025
0.00195125
0.00194
0.001695
0.0021875
0.00207
0.0023775
0.0019075
0.00195
0.0017425
0.00202125
0.0017525
0.00149125
0.00177625
0.00143125
0.00140125
0.00183875
0.0018175
0.00138125
0.00199
0.0023325
0.00154
0.00158
0.00214625
0.00184125
0.0018075
0.0022475
0.0016925
0.00201125
0.00193875
0.00216375
0.0021025
0.001915
0.0017825
0.0019275
0.00189625
0.0019675
0.00139375
0.00163
0.0013625
0.0018325
0.00223875
0.00189625
0.0019725
0.00184625
0.00139875
0.00152625
0.0015225
0.00169375
0.00231125
0.001645
0.00228125
0.00155
0.00179125
0.00184125
0.00175125
0.00204875
0.00182875
0.00153875
0.0016475
0.00158125
0.0018025
0.00181625
0.0016475
0.0019625
0.00227
0.00230125
0.00174875
0.00187875
0.00174
0.00164125
0.00118
0.002485
0.0015575
0.0014825
0.0021925
0.0022
0.00143375
0.0013625
0.00152125
0.002075
0.00195125
0.00179875
0.00166125
0.00158625
0.00216125
0.0020525
0.00151625
0.00180125
0.00187625
0.00229125
0.0017225
0.00153375
0.00112
0.0021625
0.00202625
0.00203125
0.0015575
0.00182
0.00187375
0.00158875
0.0019725
0.00170125
0.0020825
0.00203375
0.00207375
0.00198375
0.00166625
0.001695
0.00159625
0.001845
0.0018525
0.00175875
0.0016975
0.00154375
0.00186625
0.00153125
0.00201875
0.00169625
0.00199125
0.0014375
0.00213625
0.00209125
0.00174375
0.00167875
0.001775
0.002285
0.00205625
0.0012225
0.001975
0.00215875
0.00213125
0.00109875
0.00182875
0.00219875
0.0019825
0.00211125
0.00178875
0.00193875
0.00185375
0.001435
0.00213875
0.00224125
0.00161625
0.00140125
0.001795
0.00184375
0.0018275
0.0020725
0.00184625
0.00151625
0.00181
0.00233
0.0019525
0.0018725
0.0020525
0.0013525
0.00189375
0.00202375
0.00168375
0.00178125
0.00180875
0.00191625
0.00177875
0.001945
0.00222125
0.00129125
0.001825
0.00213625
0.001625
0.00181875
0.00143125
0.00196
0.00223625
0.0016975
0.00244625
0.00145
0.00157875
0.00159625
0.00168375
0.00147875
0.00195875
0.002155
0.00207125
0.002095
0.00233875
0.00195875
0.00183375
0.00149625
0.001915
0.001935
0.00152375
0.001735
0.00134125
0.00148875
0.00156875
0.0013375
0.001715
0.001655
0.00249625
0.00170875
0.00142
0.0019375
0.00172875
0.00211125
0.001905
0.00158375
0.0021275
0.00236625
0.00191625
0.002245
0.00202
0.00152125
0.00156375
0.00144625
0.00179875
0.00191875
0.0021025
0.00202125
0.00214375
0.00218625
0.00152
0.0019875
0.00189875
0.00222
0.00181375
0.0021075
0.001895
0.0015
0.00167375
0.00201625
0.00207375
0.001795
0.00220875
0.00210375
0.0021275
0.00163625
0.00176875
0.00160875
0.00204875
0.0014825
0.0017425
